44
3799
26
3338
31
3455
28
3527
28
3560
32
3646
33
4434
45
5672
43
5650
45
5617
44
5531
44
5611
44
5670
44
5274
42
5289
87
10038
90
8912
65
8223
87
8336
71
8580
93
10994
94
11235
92
11344
95
11790
91
11072
88
11058
95
9429
59
8023
84
10191
89
11330
130
16449
141
16384
139
15833
143
16931
141
16437
133
14216
143
16530
142
17203
142
17394
143
16589
145
17608
143
14536
141
15833
144
17078
96
17147
175
20633
181
21713
191
14641
152
21224
195
21499
191
17316
169
22265
199
19401
155
16351
187
22813
145
19015
190
21105
193
18432
140
15896
135
21304
245
17538
148
28221
239
29189
241
27679
248
21237
203
25489
244
30388
245
28710
227
21332
247
29484
244
27817
247
27880
232
26713
238
29253
243
28873
284
28213
211
31811
301
34792
298
34121
205
24377
290
34081
220
30392
298
28258
202
30543
256
28975
295
29550
198
26347
283
29163
202
25772
250
27854
201
29334
341
28992
237
28577
286
35102
236
28637
227
35823
274
32198
253
31635
219
34673
257
33518
218
31749
218
29978
291
30418
286
29582
226
29496
231
31314
265
30765
244
33071
260
30761
254
31467
253
31962
253
32196
252
32217
253
32176
253
30908
239
29719
234
29937
232
29720
245
30070
234
30060
428
33985
435
52507
435
43260
426
51513
442
52647
372
53536
454
54216
441
48679
451
53871
438
48088
450
54396
335
44057
392
49167
316
47270
417
49005
316
47179
442
39391
342
49017
332
53876
328
47342
473
42678
420
49846
327
46084
368
48797
433
41722
423
41719
384
44480
388
42718
325
44668
418
42426
535
50210
511
63495
447
54526
561
65408
539
65845
536
66124
451
67424
511
62675
545
66583
524
47581
570
47670
512
47603
551
52829
485
47829
514
53696
416
52165
365
61876
416
58363
396
51111
485
53617
524
53663
459
55251
433
58818
454
53050
396
52031
393
53741
470
50456
389
49537
388
49247
390
49229
525
67160
648
67945
539
77021
584
60556
662
75706
666
72679
641
75430
623
79866
634
72817
611
57734
628
67898
522
63722
587
53932
496
68865
489
58718
578
78174
674
64128
602
84004
692
80963
700
77357
665
86478
686
81963
663
66711
716
77094
716
68047
622
68930
512
70801
614
65835
547
69212
546
65719
455
87507
745
65072
729
89947
525
91453
761
78737
770
92611
717
92958
729
86812
632
78411
746
68508
569
76824
718
79915
577
69362
554
72516
554
73020
496
95137
784
83229
789
80184
823
95281
743
97059
834
85069
840
92024
743
86777
577
82852
690
72402
590
79727
610
78795
692
75998
528
78205
572
70501
519
101354
756
95764
818
85063
896
95828
861
103816
781
103477
681
90023
598
89317
710
87304
790
86111
779
80831
700
78790
581
82069
630
74068
646
74809
625
106717
787
107109
872
106839
928
95036
936
101459
935
110562
870
96785
642
92797
920
89834
741
93046
715
82317
642
81122
653
83367
647
80379
734
75759
574
111849
852
113530
911
112595
876
113483
960
111223
965
104008
763
99206
715
97085
871
97994
738
92502
825
89107
770
85305
690
84564
631
84018
633
80167
642
118914
791
119721
796
118054
973
120763
961
121193
674
100192
816
100459
726
98398
706
97218
675
97625
670
92669
828
90772
687
89729
669
85535
660
84238
