43
3810
26
3357
27
3413
29
3487
40
3551
28
3712
36
3736
28
4190
44
5247
45
5520
45
5551
32
5443
45
5361
45
5291
44
4591
54
6843
56
7047
57
7923
58
7394
86
9236
76
7738
59
8092
68
8834
93
10235
93
9897
93
9398
69
9313
67
8743
93
8437
58
8193
96
12952
138
11650
115
11099
90
14948
142
14646
143
13368
110
13200
108
12564
142
13496
102
13628
105
13027
98
12078
143
16766
143
12871
109
14558
112
15905
129
17574
147
18277
134
16458
179
21823
169
17065
153
19610
195
18717
176
18487
178
17398
144
17561
201
16280
137
19178
193
19399
121
16516
212
17508
193
28233
243
26622
152
19497
153
22587
171
22599
213
26709
242
21475
172
23302
167
21187
215
28218
248
20674
196
23776
217
22135
172
27941
229
24847
262
23902
215
26502
243
24498
203
31174
260
26803
296
27298
236
28027
210
30814
295
33481
229
26184
286
30639
247
30819
200
24630
301
28452
310
27998
270
31092
348
27286
224
33036
309
29528
219
32020
346
30538
245
35583
225
29951
351
32291
235
33667
260
30972
247
31950
228
30077
298
29193
243
31641
257
31399
286
35565
319
31062
253
31512
253
32327
254
32238
252
32305
254
32188
255
32172
253
30665
239
29812
234
29714
309
29712
281
30483
390
34525
439
47717
331
36029
340
39988
444
38670
291
42640
356
48382
367
38420
318
40895
426
43003
291
40999
372
40418
445
40839
358
41788
395
41358
364
46482
353
40566
467
45663
397
48536
373
54576
339
45705
320
44491
356
43533
359
46778
353
47005
348
48151
363
45045
405
43584
401
42206
411
45396
476
48929
522
50622
347
46368
534
50424
433
51983
357
60913
439
50089
355
61539
444
52002
378
53486
361
53694
493
52064
435
60195
449
54978
505
46510
465
48194
427
55458
400
56803
432
55830
424
58935
454
58028
399
56724
484
53650
504
52010
441
54052
428
55062
395
49901
408
49667
391
49706
393
49215
437
65687
601
52913
566
65468
517
59448
583
55629
527
72090
471
61844
590
60081
534
62936
668
69113
434
63435
567
66930
481
63048
575
57015
488
62722
520
76286
437
57977
647
62641
509
76854
508
62881
703
63395
477
72030
547
68080
466
68111
625
71140
726
66007
488
69120
683
63635
534
68053
614
62778
545
84265
588
62634
695
65515
634
75361
608
75452
577
72243
568
72682
678
72702
545
78290
550
79771
595
68397
553
73201
596
71955
500
66705
646
68332
528
89432
552
74012
563
71831
827
69569
591
82747
702
78695
752
77565
647
77845
734
79923
609
78727
721
79341
661
77220
679
72713
568
72346
568
70069
571
93643
789
85229
669
77152
602
82872
695
76088
760
77930
614
83322
815
86796
611
85236
681
85683
736
84875
760
80540
713
76012
635
75578
569
71003
585
96442
698
90272
705
93096
803
84941
850
81083
753
84643
684
89469
869
89666
781
89677
849
88123
676
86289
694
80288
660
80126
618
81537
618
75322
596
103786
770
95183
777
96620
621
97093
742
93670
660
89128
921
91411
920
91211
693
86048
695
87782
845
90240
783
86520
741
85147
630
80196
631
80140
626
103912
652
99624
910
101845
843
101749
708
98707
724
98366
738
100200
704
97046
712
95335
693
92922
716
91799
823
92656
765
90966
663
84256
664
84350
