45
3635
26
3355
27
3450
28
3559
38
3570
28
3850
31
4090
46
5231
42
5330
45
5295
45
5325
45
5682
45
5371
41
4562
45
4019
54
6711
56
6943
66
9215
77
9002
71
7548
59
7672
62
8240
93
9986
92
9766
92
10328
92
8671
92
8516
83
7529
94
7783
75
7978
136
12077
113
13481
138
13236
121
14313
102
13366
121
14256
110
12811
142
12542
108
12366
117
15371
140
14339
117
16494
134
11685
93
12948
121
14594
186
18521
120
15807
135
18979
145
18948
180
15863
133
15450
186
21406
135
16383
140
20679
193
22502
137
16996
135
22472
192
19475
142
19624
193
22846
208
17633
145
21902
189
28782
227
19814
179
22594
211
20455
177
24936
244
26543
218
20765
238
19656
186
23525
243
23126
190
22062
192
23251
159
21248
221
26858
206
31433
198
27461
269
29250
209
29543
200
29480
197
28507
259
24750
214
32809
261
23902
217
31017
273
26834
278
33928
187
25449
264
27608
220
29565
253
36346
211
30382
313
37088
297
27669
260
37979
227
28820
284
41381
226
30115
277
28802
246
35447
251
33179
254
31903
239
32758
280
29113
280
33876
250
33336
255
30982
348
30899
253
31437
255
32485
253
32222
253
32486
253
32476
251
32274
244
31291
245
29890
260
29739
274
29640
234
29674
406
34143
416
51510
336
37971
311
41319
432
39554
288
40316
341
41589
449
41830
352
44411
424
39783
412
41624
354
46445
291
47076
296
48206
334
37745
456
48297
419
52398
423
44119
467
42818
494
52323
390
52392
366
44128
503
44581
463
50364
323
53422
368
49497
438
44471
370
45551
380
45589
336
44841
472
40774
536
57385
345
48675
453
54738
395
51721
390
51269
396
54478
500
54195
485
53630
366
49284
441
61099
454
61804
546
60561
441
54101
500
55407
421
59984
371
57135
374
50617
603
48880
427
56485
459
57955
576
54129
509
53108
477
52847
420
53060
407
49477
392
49345
390
49256
388
49307
388
48032
543
62924
620
54735
454
63977
423
62047
624
57253
475
64395
505
63961
449
66391
661
63031
654
64038
659
56741
536
59996
422
60568
460
67606
475
69676
510
76993
522
60127
565
63879
621
66235
461
63686
663
68621
573
63584
476
76517
484
76520
717
60879
547
73207
567
68806
631
70352
478
68023
698
66230
549
84891
525
65411
575
63759
632
69676
489
75048
693
72372
691
72175
562
77690
616
83843
574
69242
490
79878
780
65959
510
78435
654
71519
587
71420
552
89682
740
73683
559
72549
601
73962
587
75907
631
79819
600
87807
553
83297
542
82789
744
77291
523
80377
738
82158
787
75224
546
77289
565
71723
583
94529
756
79648
537
77844
598
74324
648
77774
683
82963
666
94894
891
95082
719
78935
635
85801
559
88373
612
84087
693
78065
587
79768
642
73042
560
99602
646
88093
736
85823
586
81778
623
85053
941
84968
901
97595
800
92890
715
95150
688
93124
792
87136
692
80992
658
82214
596
75891
601
76088
579
102087
722
92717
828
87112
680
93784
924
89042
688
83271
641
103594
666
95462
758
99641
798
98477
665
90843
638
88441
731
88434
639
79750
631
79737
678
108470
624
96921
703
89436
748
100231
912
99136
991
108468
1020
109856
858
100191
940
104627
977
92570
808
93725
737
94962
879
88671
669
84065
664
84221
