46
3654
26
3321
28
3442
28
3470
28
3691
28
4027
45
4714
44
5794
45
5506
44
5413
44
5047
43
4916
45
5131
46
4297
28
3778
54
6893
56
7081
67
7781
92
9515
90
8089
58
8021
95
8103
79
7646
58
9826
92
10553
93
9422
81
9292
76
8361
71
9171
58
7581
101
11158
85
13128
121
14937
131
14994
112
15023
145
12969
126
12572
102
12829
102
12068
101
15330
120
11936
142
15404
90
12771
95
11487
94
12618
176
21088
118
16206
134
18262
193
15799
134
16937
195
20477
140
20839
187
18126
142
22634
122
16111
145
20334
198
20534
134
16710
144
17379
185
20894
210
17476
202
27931
240
25682
176
18805
170
24499
160
21724
157
26683
240
24952
184
24618
184
21473
231
21894
245
25472
181
23134
202
22570
172
24989
204
25989
261
25194
210
22649
200
32787
228
29407
211
28378
268
31465
274
27397
296
27948
202
28641
288
24552
275
30551
307
24699
290
31386
187
28501
317
28237
227
29937
223
35533
298
29029
310
35400
312
29472
234
36658
239
28809
243
39084
302
29555
344
31973
219
29337
252
29674
218
33646
225
28387
324
31931
252
30983
312
32431
262
32667
288
32632
254
31971
253
32638
254
32628
253
32259
252
32444
254
31213
245
31213
279
29693
236
29699
233
29689
402
37270
419
46260
311
42990
327
46973
439
41691
290
45313
463
43488
329
40367
303
45961
291
40338
408
41925
398
44720
443
43345
428
37474
390
44414
296
50790
300
46078
341
44826
389
43216
424
49123
323
43532
423
47128
324
55328
378
53792
320
50283
338
49008
403
47285
320
48056
339
44354
319
44269
488
48674
521
46995
419
49497
530
55078
485
47873
500
56076
397
50083
456
55730
383
58622
511
48832
537
57919
507
47767
507
50715
425
48579
387
56978
424
48869
508
47196
483
61060
441
58649
403
50067
532
53263
437
61097
391
58406
398
57498
402
58297
473
53390
461
51276
388
49371
393
49361
388
49181
552
68462
562
57321
490
67256
568
61791
645
57713
604
63725
480
65586
536
64976
617
66343
536
59657
461
68181
539
59266
575
57056
533
65280
445
67351
546
70116
621
61870
454
70407
450
66684
462
62864
596
65112
637
68829
542
72686
511
73869
619
61529
461
69066
510
72214
609
67889
611
60321
503
67459
599
78106
470
65849
667
69283
666
74629
575
69115
523
77111
536
74640
616
71190
641
81435
716
77706
548
69136
734
74225
533
70860
512
71477
506
70180
606
85855
548
64236
713
68305
793
74241
630
74392
569
77344
621
77792
696
86619
783
81951
729
74140
588
84623
648
81665
774
71007
539
75262
687
69886
556
93435
586
78846
614
72832
720
76243
718
78128
565
79487
703
84978
889
87789
740
78901
655
85317
756
90655
669
84712
741
76321
596
77195
621
74600
605
98124
820
88223
781
85251
756
80740
710
89925
688
88325
871
96054
935
91338
669
86324
677
83222
636
92822
687
86108
653
85930
634
78361
599
75300
607
100546
907
94081
635
88727
688
86947
704
91585
787
96964
658
95362
642
90704
741
94398
928
98796
741
93421
690
89913
708
85226
760
80614
630
80479
608
102611
779
99713
680
94137
785
93172
758
92919
758
99973
984
106190
679
95993
880
103912
698
101248
782
93898
782
96300
698
90606
662
84343
660
83164
