46
3752
37
3364
27
3468
28
3491
28
3555
30
3727
32
3827
44
5105
45
5678
45
5337
45
5030
44
5241
44
5322
44
4462
44
4435
54
6840
65
7105
84
8162
86
7934
94
8012
62
7742
81
8161
65
9282
93
11001
94
8845
93
9798
96
9276
58
8212
58
8108
95
7653
83
11221
138
12259
139
12649
108
15573
142
15848
144
12085
122
11929
101
13142
142
12148
94
12142
90
12740
119
17135
95
13235
143
12175
111
15071
181
16621
115
14740
128
16354
134
22888
167
20085
164
17829
196
18502
160
18539
152
18219
194
18846
141
19403
198
18891
146
19662
192
16686
135
18912
226
17817
199
27931
230
26606
243
18736
155
21483
246
20612
204
23225
249
22971
232
23623
204
22665
188
22466
219
24235
244
21617
160
20888
189
21400
172
29384
264
26283
207
31165
222
23445
274
30249
274
26835
198
29855
233
26377
271
28543
238
28350
278
25799
259
27585
217
29179
223
27225
273
25726
286
27243
247
31371
316
29087
282
35224
233
34498
218
31131
260
32693
219
31272
282
30119
246
30752
312
29378
267
34114
277
36921
235
32360
238
29997
257
31994
347
30579
268
32859
304
30914
253
31416
252
31979
257
32231
253
32367
253
32263
252
32362
254
33522
253
32176
245
29866
273
29665
234
29655
376
34988
440
46674
307
36819
284
44909
429
38475
414
39756
360
50414
334
42061
301
48246
367
44177
293
38874
454
42846
426
40218
320
43361
401
44463
452
40421
483
42830
307
41386
316
43832
462
43685
384
51016
347
49205
320
49744
378
44583
386
43665
453
42088
485
42117
345
44869
337
47893
368
44878
455
54313
507
43391
451
46471
484
52077
473
49660
548
47366
417
59739
380
55100
398
65518
541
50400
420
52109
435
55158
555
50032
388
49876
408
50223
411
56499
374
55130
449
57411
512
51831
528
51913
546
55282
548
52518
418
54085
448
57260
389
53854
391
49421
389
50102
391
51536
407
49342
388
49155
521
63139
636
52236
535
63202
472
56522
601
66695
586
60950
599
64468
549
76015
555
60348
577
64592
522
64038
437
59369
487
64516
546
62781
599
56473
565
72117
589
59652
640
66948
447
67200
517
63084
648
68935
556
79612
582
68018
637
66881
518
63961
542
65335
470
67006
497
70385
495
68774
518
61854
547
82439
469
59987
561
63364
610
78723
631
76444
671
66383
758
73661
660
74278
532
71346
533
71331
696
75172
514
74895
635
71423
659
71635
608
67568
595
87236
648
74123
717
66953
776
66900
534
81295
674
84521
683
77360
564
78292
666
72694
671
76577
703
76171
610
72263
572
74638
542
75069
572
73287
660
92758
600
82125
629
75311
607
78031
683
81556
882
81932
779
85822
664
80258
747
82442
575
78583
663
78886
657
80571
724
80671
603
76349
560
70972
656
97054
754
88418
764
89970
736
88578
632
95008
664
87142
730
83433
647
82071
596
84737
805
83310
657
82166
627
84648
672
83589
681
77552
602
75268
688
101853
625
93321
726
95499
695
93657
651
102214
778
92707
793
90665
777
89587
943
89971
665
86956
768
89960
657
87484
630
84303
634
79954
636
79882
733
106962
713
98435
674
98156
694
97419
712
103319
708
98478
726
96472
760
94517
925
97304
856
94659
770
97088
692
93704
858
86996
661
84199
661
83978
