44
3775
26
3351
27
3404
32
3483
28
3534
27
3703
30
4172
44
5247
46
5669
45
5202
34
5314
45
5356
45
5177
44
5263
45
4123
54
6759
69
7213
82
7492
92
8660
62
7708
66
8173
67
8325
74
7493
91
10804
69
11235
93
10451
94
8670
59
7604
89
8494
77
8667
136
11484
99
12360
102
12367
141
14300
138
14942
144
14279
91
11747
137
14373
105
14737
120
12923
103
13086
119
13507
144
12593
96
11710
142
13120
114
15650
132
15353
130
19150
180
18562
194
18588
132
21442
176
15836
149
19031
140
20075
192
19154
172
16371
146
17776
151
16453
150
23622
186
17568
209
17427
147
28392
237
27533
242
19019
164
22417
193
21161
153
27336
241
27348
166
21347
204
21543
167
25215
212
26123
159
19837
243
23642
195
20341
215
28988
274
26996
265
24814
215
27518
234
29322
240
29914
285
25155
252
27478
293
28327
225
27796
188
26379
232
28195
200
26295
241
26965
227
28974
293
26819
214
31318
271
28423
239
30202
230
34262
280
33036
291
32262
252
30033
270
32539
253
31192
250
32826
348
31197
263
29495
262
31459
238
32541
234
31160
319
34861
356
30862
260
33587
256
31350
252
31997
297
32348
253
32298
254
32206
252
32215
253
31573
232
29773
279
29706
232
29726
307
29760
379
40400
413
47754
291
37963
340
50826
432
39146
377
39303
332
45465
319
39974
343
39870
359
41416
384
40045
367
43407
418
37071
418
47993
345
40854
292
48322
436
42055
312
41913
397
49986
353
45543
427
44689
359
47737
437
46435
384
48705
361
47991
422
46062
335
44191
381
44031
368
42962
355
41454
498
52061
511
46333
365
44167
441
61577
389
50466
547
56526
446
51774
512
49187
398
49207
558
53776
574
50493
381
51902
398
55151
443
48840
397
54589
376
51045
438
50834
549
48732
495
54872
474
56715
431
60033
420
61081
440
53776
454
55633
445
51934
389
51569
392
49611
388
49353
391
49386
390
49627
616
68214
621
55592
592
71785
551
58481
630
56785
455
64982
423
61550
496
67319
586
67859
580
64864
443
59601
595
59047
484
62802
477
55443
615
60325
568
76990
523
62099
650
69305
603
66434
660
67033
465
66890
592
74632
492
68889
638
65221
548
62207
474
70235
612
64166
470
68710
454
67616
540
70550
549
84716
496
61879
706
62946
658
71282
491
69785
651
67072
723
74775
752
77011
539
75166
603
71487
579
69952
619
72965
600
70525
496
75663
679
68237
541
91825
540
75904
717
70587
674
69192
645
79138
616
85043
610
84454
742
76774
577
73741
655
75951
528
72980
646
77509
539
79912
576
73630
551
74916
555
95242
675
86842
652
77467
798
76744
614
73699
873
84877
773
83479
733
80620
708
86373
588
82767
716
78170
592
78626
679
75906
746
79873
738
71043
599
100453
634
98366
738
86526
593
81829
811
92405
600
94111
759
89411
697
80181
628
81790
812
88963
809
83325
678
81559
614
79309
597
78681
612
75096
581
106511
661
103028
759
93053
726
82529
750
94297
834
98967
686
96193
800
95572
773
87186
668
84637
636
87974
727
88663
629
87642
631
80739
685
79914
628
110439
969
107997
709
95567
758
94914
841
97814
733
104165
777
94541
756
98885
878
96558
665
98926
701
95288
840
93338
850
90305
682
84136
663
84269
