45
3899
26
3334
27
3422
32
3494
36
4325
45
3626
34
3851
33
5641
42
5452
45
5320
41
5318
45
5629
38
5244
45
4472
28
3819
79
7674
56
6935
57
7307
83
8250
68
8367
58
8132
87
9279
73
9951
88
11330
93
9958
59
8823
58
8590
73
7605
78
9056
94
8992
110
11123
113
11365
116
11633
130
14432
142
17113
141
11623
115
11626
99
11933
111
16724
120
11609
96
13165
90
13663
144
12879
116
14635
142
15877
111
17510
189
15021
150
16150
163
16949
145
21505
195
17868
156
18201
142
17433
190
18848
157
17319
160
21051
141
16520
128
16416
194
18965
159
17275
211
17629
154
26714
240
27878
224
19548
153
20948
175
22931
238
28063
182
21470
156
21511
222
20111
207
22429
207
28680
155
20293
167
26347
182
21159
188
30245
212
30483
290
27486
200
25095
217
26749
245
27309
264
25385
211
31186
187
27902
253
25888
247
26071
291
25895
278
31398
231
27109
272
26382
245
33219
241
27702
242
26485
235
36255
234
27597
253
34117
280
29875
251
36608
231
35557
242
28490
259
34147
241
35195
267
30022
291
33410
218
31651
235
28955
299
32979
244
30074
375
31607
254
31672
253
32104
252
33062
255
32203
256
32239
253
32425
253
32237
245
30490
275
30200
273
29702
233
29731
391
32534
444
50967
298
38634
330
49868
342
37627
386
39050
408
46611
287
45915
358
45026
443
43446
313
40807
454
41068
313
46437
387
46560
337
41584
402
45250
430
38404
429
46441
374
43172
379
43417
318
51555
320
44045
412
42432
463
42131
485
40541
474
44502
466
47036
331
46135
355
48612
350
45244
454
46670
516
50195
386
46164
511
59435
372
52072
381
59409
374
53534
480
57688
489
53185
412
59538
389
55076
496
51186
398
51913
500
50867
500
52820
359
50559
436
57560
378
55773
418
56210
401
60369
439
55563
507
58515
412
53426
392
51352
389
52356
399
52082
389
49428
388
49270
390
50683
388
49398
509
60709
638
51072
448
63372
513
60301
469
65798
660
55355
667
69208
483
60899
493
60429
436
63503
462
62685
567
57123
466
59767
502
68663
481
57875
480
76397
502
60739
679
59532
482
72083
498
64367
696
73105
534
69874
490
70210
674
62312
537
68893
501
67625
603
71978
579
62253
518
72172
565
65087
496
85579
463
70511
610
68439
516
70346
531
75848
556
66341
685
68940
617
71719
639
78476
699
72456
558
75954
665
66934
495
76924
616
75044
584
65829
543
90855
552
82064
523
66759
788
75129
696
80921
548
84929
700
74262
602
78196
614
78495
584
71610
571
79162
631
82492
632
77670
626
73676
534
72923
525
94651
602
87857
606
72492
735
80667
642
80426
678
83370
756
84297
677
88289
810
82271
690
85620
652
83684
622
84403
778
78868
714
72824
569
72121
585
98378
813
92561
679
89804
829
88115
656
79046
785
86829
819
86246
861
88142
716
81327
693
81623
604
86722
777
87126
691
87080
641
78432
600
75059
584
104317
764
94133
767
96180
725
92785
827
96528
679
89945
645
87661
641
91421
709
96679
791
93726
692
93174
703
87670
686
85865
634
80238
628
79603
622
106030
693
95455
779
100528
844
100013
750
101603
952
98378
778
102901
723
93269
860
94270
927
98862
842
100739
907
94084
805
87112
662
84477
667
83882
