46
3638
27
3319
27
3889
28
3497
28
3656
28
3726
29
3946
28
4523
45
5671
44
5596
45
5303
41
5416
44
5472
45
4675
44
4971
62
7254
74
7101
71
8184
61
8461
62
8194
65
8520
69
8557
74
8549
86
7896
94
10624
92
9318
77
8300
91
7772
66
8015
63
8876
89
13746
122
11528
140
12175
105
12540
93
14697
115
13919
130
12792
116
12903
143
14037
111
12331
111
11635
117
13108
144
14621
116
13800
130
14735
123
15540
167
15036
174
17703
139
16754
141
19640
192
17556
153
17053
177
19984
166
17321
186
16040
139
23045
154
16223
126
16956
183
19905
144
15900
211
17653
182
23675
179
27859
241
21378
153
20516
224
21000
165
21616
207
27474
206
21743
184
21094
227
22081
198
21215
248
23130
201
21944
222
20775
211
23456
260
27009
253
25359
256
24777
220
26593
282
29109
212
24915
297
29863
235
27629
210
34230
219
24057
305
29776
204
30638
225
28229
204
25578
227
28750
230
32013
284
27937
241
33892
253
28737
337
38161
261
29792
282
36942
253
30109
309
29133
268
34869
259
29050
331
29347
246
33387
240
30810
265
32118
244
34295
268
33629
331
34945
271
33395
269
31926
266
32247
263
32490
255
32234
253
33156
254
32464
254
31452
256
31162
245
30239
272
29698
379
34384
443
49457
369
36826
373
38780
438
39752
329
42063
366
42996
328
45799
364
42213
430
42810
389
41333
391
40094
330
39005
301
48353
311
46338
305
45336
401
42111
428
42516
476
46178
403
43201
428
42967
482
44268
387
51122
355
51708
458
49470
375
48089
373
46689
361
44271
387
42376
359
43693
438
49858
512
49523
393
46196
426
57418
397
51457
541
50771
491
48259
440
51329
457
49751
441
56581
433
60609
501
55151
526
53111
490
49027
411
50370
441
60444
404
47145
561
51002
463
53915
431
59722
451
57543
432
55826
434
54906
404
53194
532
51659
429
49869
394
49327
392
49616
391
49226
377
47709
619
65734
640
50611
473
62436
480
59929
541
60642
429
62550
515
58719
516
64275
428
66625
497
61291
521
59540
486
57632
561
62671
429
67726
518
63621
659
73873
614
58661
487
69391
540
61244
636
67570
649
66903
680
70705
663
63808
594
74672
647
65192
554
69937
501
72829
490
70013
685
63451
518
68070
642
85048
541
65104
642
64786
596
67592
525
72532
508
70213
657
70730
735
76304
593
70135
619
72710
557
81894
613
66206
563
75243
578
70734
523
68936
528
88941
605
69962
602
72802
684
75596
576
75818
633
79007
655
83820
710
78748
525
72765
616
71442
625
82303
716
75593
621
73904
580
73117
568
72268
517
94784
757
82332
583
73181
704
79576
765
78257
611
81525
602
82456
618
80567
620
83414
636
89456
760
84116
671
80735
693
77883
561
77138
560
70992
559
99556
736
87677
661
79399
763
78367
745
82201
898
87888
760
91778
693
82737
795
87832
647
90657
672
89780
627
84303
742
78409
597
78280
665
75359
574
104958
647
92937
815
87542
704
91855
753
91268
818
96966
894
92734
717
90940
805
99048
901
87182
787
85804
685
85506
738
87015
633
80182
635
79802
623
109214
630
94589
725
93311
716
95642
688
98529
830
102567
852
96393
737
95645
720
95957
679
95896
685
91570
939
93110
737
88167
667
84457
664
84076
