45
3699
26
3325
28
3396
28
3517
28
3581
28
3616
28
4367
39
5222
42
5453
45
5407
45
5185
45
5617
45
5687
45
5226
44
3674
54
6787
57
7201
67
7070
67
8148
89
8871
58
8124
69
7901
58
8652
93
10498
93
10981
77
10040
65
9016
85
7593
73
8559
81
7680
121
12924
139
13026
139
12512
141
11629
95
15774
145
16466
126
12084
91
12664
142
12319
130
13029
93
11779
115
12299
112
13275
97
15328
142
14275
140
17948
117
16934
192
17260
135
15630
175
18950
185
18996
123
16798
122
22795
140
15908
171
17128
195
22865
153
16584
145
17293
187
21960
148
16010
217
17480
167
27922
239
28887
192
19001
167
20141
188
20732
167
24860
244
25671
181
21684
153
22259
193
21937
211
21030
247
28003
153
20825
190
22004
198
25526
289
26026
302
27541
185
27254
263
26591
187
27829
295
24500
187
33952
201
25571
218
35006
206
25915
282
30987
219
28216
236
27165
266
27533
242
35269
219
27251
311
33265
241
29706
222
33194
318
31049
317
31250
245
32712
257
31256
259
30170
315
32653
344
29821
233
35072
260
32898
251
28527
283
37430
257
30191
260
35614
308
30935
299
36346
266
32019
254
32811
265
32422
252
32190
254
32410
252
32222
253
31581
245
29873
235
29793
232
29656
370
32703
441
48900
280
38130
329
48700
360
38239
325
41866
324
42886
342
42599
309
40692
387
44754
324
40897
323
48607
292
45208
339
45592
368
48950
342
43605
356
43498
382
50007
344
48224
367
44796
413
44222
432
46465
446
46402
401
45797
360
44741
364
44001
345
45312
322
42042
435
41294
361
44247
461
42430
534
54988
399
46271
498
58688
390
52359
376
61748
493
49903
485
58239
388
51563
421
56964
405
60488
449
62528
444
61400
482
48915
366
58009
516
48322
533
51531
451
53418
492
54618
479
53167
452
53036
524
51842
591
51582
438
52980
435
57595
430
56578
592
51422
391
49179
388
49391
387
49270
492
65002
642
50159
560
67603
476
59035
476
68737
456
57812
616
58231
527
63751
425
70240
478
65381
591
58582
494
59223
430
64071
453
62785
453
58911
602
78842
428
58555
697
63158
457
66724
705
65147
472
72076
535
72324
488
64858
530
78433
587
64911
598
69986
564
66218
580
65551
549
62615
554
67541
579
85677
520
65325
727
62763
541
70756
596
71634
652
67713
586
78841
705
83880
538
69068
727
74999
678
70577
613
69490
547
73374
574
70140
610
74055
626
91241
586
78973
560
73165
801
70142
550
79706
666
82856
776
85830
779
74036
592
78646
542
78139
665
75537
555
71853
531
75738
639
73534
549
76650
644
95490
656
84451
700
78471
851
77261
631
79640
560
81954
594
91110
752
80817
669
76342
591
83477
582
79974
765
82177
690
77185
573
82653
579
78981
651
98168
714
93138
681
84931
758
80994
773
82611
931
90924
882
97914
757
81552
725
81304
668
82110
675
80597
610
86659
667
88871
727
84610
596
75289
672
104224
609
96103
707
95760
666
91978
645
94006
925
88492
730
92656
741
92842
706
92537
812
90450
691
90857
635
89206
857
90177
788
80234
631
79989
655
108572
649
98305
954
98875
772
95293
721
101969
940
103816
927
91790
687
95084
748
95309
786
92611
928
97603
793
97187
858
93097
661
84521
665
84076
