45
3741
26
3311
39
3475
28
3516
28
3592
28
3651
32
4858
43
5674
44
5716
39
5627
45
5647
31
5528
46
5346
45
4733
28
3599
68
6813
55
7002
58
7772
93
8611
93
7843
65
8511
58
8345
81
8317
92
9536
94
9041
93
10021
93
9529
70
8464
70
8463
72
8064
99
11197
141
11682
100
14689
143
13310
141
14010
128
12200
91
13583
91
14464
104
14150
90
12073
115
14039
113
16113
92
12805
109
12439
94
12248
186
17270
147
16095
129
14751
137
17313
194
19702
175
17560
194
19408
146
15610
142
18054
137
19029
188
17037
191
18430
139
17482
123
17189
191
20184
211
17639
219
28962
239
27413
189
18927
155
21414
239
20318
200
23739
178
25280
242
21625
173
20940
173
23871
243
25499
173
22315
230
21630
173
20158
254
29665
263
22720
192
31083
186
23334
234
28412
280
27080
295
24218
272
27018
275
31784
258
24536
218
29788
282
25507
221
31569
209
24480
282
25189
253
31464
327
34459
295
28551
304
36386
218
29577
322
34499
219
31298
271
32042
288
30798
299
32070
308
30803
347
34119
279
36741
220
30019
300
28472
270
38546
276
30128
256
35717
264
31455
324
31479
252
32491
253
32541
254
32286
255
32288
254
32155
253
32335
251
32205
244
29682
235
32294
234
29669
367
32321
436
51441
276
34293
369
37813
414
45105
373
39253
345
45525
399
41354
289
45937
352
43386
310
42334
385
46782
340
39218
342
39914
349
45807
344
47377
370
52448
324
44081
434
43966
375
51537
319
50305
357
44483
415
44538
381
44633
437
44479
419
42203
332
42817
452
40723
443
41383
337
43617
466
62524
477
43444
381
48576
532
47497
400
51199
481
49102
512
56474
433
53894
445
57358
366
50689
530
53554
371
56603
395
52241
503
46821
519
51984
475
53602
365
59614
380
51089
513
50290
505
56288
501
59513
466
60821
484
59343
389
59025
427
55519
489
49615
421
49464
390
49282
392
49196
390
49263
486
70827
586
54447
527
64029
504
58292
419
58149
545
65436
645
56208
568
63162
457
66478
494
66526
481
67333
477
68759
514
65555
613
57935
595
62727
590
79780
427
58553
641
65369
537
66204
524
61617
520
68859
631
69457
534
72821
548
73838
579
74266
659
65445
643
70580
562
68656
508
65520
469
70250
581
87014
463
62244
614
66115
609
68044
657
75114
586
73575
636
68645
576
68323
508
70860
523
78043
600
69057
548
73016
640
72661
535
71010
490
72520
629
91922
553
71390
726
68089
676
73178
639
70846
557
81823
525
74759
603
78264
664
74015
524
81015
692
84188
685
73423
579
78397
547
77960
684
75271
621
97073
600
76692
699
76055
596
76623
779
81964
674
84239
627
86919
734
83807
676
87001
788
75408
561
80460
587
79292
658
80383
574
83850
579
73551
718
99741
659
85929
715
84389
794
88774
785
90880
621
84193
716
92084
597
93282
839
88675
832
80338
649
87299
612
87145
604
86571
596
77747
595
75357
666
106609
607
92924
689
89159
702
94323
681
95299
648
95281
809
91467
682
92118
870
97944
646
91280
730
93630
865
91431
754
88044
634
79949
630
80227
626
111585
619
96396
789
89841
723
92112
668
100620
892
101572
970
99098
949
105156
754
103835
833
94858
831
100753
922
96310
726
86947
663
83991
664
83950
