0
323 139 0
685 24 0
916 679 0
122 66 0
985 221 0
691 473 0
217 149 0
606 305 0
792 139 0
511 279 0
603 185 0
658 402 0
744 238 0
977 860 0
775 435 0
990 428 0
724 435 0
880 454 0
601 169 0
742 363 0
654 84 0
959 951 0
637 124 0
827 397 0
546 432 0
504 21 0
784 476 0
887 558 0
400 190 0
349 81 0
785 93 0
576 527 0
817 761 0
496 24 0
664 69 0
716 101 0
922 183 0
905 169 0
867 590 0
795 743 0
689 87 0
161 96 0
950 466 0
878 99 0
489 67 0
642 260 0
644 549 0
882 226 0
877 47 0
753 507 0
971 748 0
229 170 0
751 362 0
874 792 0
180 9 0
878 55 0
329 46 0
984 236 0
398 270 0
469 360 0
156 111 0
924 296 0
179 130 0
395 25 0
645 226 0
586 224 0
868 277 0
707 391 0
383 114 0
904 538 0
806 331 0
696 330 0
998 72 0
919 547 0
762 22 0
872 655 0
805 385 0
752 18 0
897 339 0
646 187 0
136 119 0
882 48 0
983 183 0
916 541 0
606 247 0
956 899 0
512 111 0
772 628 0
745 582 0
546 498 0
771 673 0
396 137 0
903 876 0
575 457 0
451 17 0
76 7 0
881 220 0
661 451 0
293 277 0
917 213 0
288 275 0
702 546 0
315 33 0
855 403 0
905 644 0
949 331 0
286 126 0
799 122 0
102 1 0
981 130 0
764 164 0
514 423 0
526 32 0
477 51 0
867 366 0
755 627 0
996 870 0
918 803 0
524 430 0
211 77 0
969 847 0
692 418 0
844 33 0
232 128 0
866 127 0
932 408 0
598 45 0
588 461 0
789 677 0
291 142 0
429 358 0
634 436 0
410 58 0
787 547 0
687 412 0
778 289 0
992 758 0
410 235 0
891 105 0
851 562 0
679 388 0
411 380 0
813 93 0
857 135 0
596 291 0
537 289 0
605 382 0
84 16 0
736 500 0
432 359 0
806 32 0
786 116 0
408 360 0
985 377 0
287 164 0
340 4 0
397 318 0
948 166 0
513 224 0
460 153 0
683 207 0
851 250 0
391 1 0
649 80 0
561 386 0
926 105 0
217 19 0
320 165 0
606 106 0
466 374 0
961 784 0
277 179 0
994 595 0
709 489 0
432 344 0
990 962 0
608 165 0
88 67 0
870 852 0
675 423 0
520 483 0
585 166 0
887 776 0
845 338 0
724 368 0
792 768 0
883 101 0
648 499 0
743 70 0
641 461 0
326 54 0
522 428 0
908 572 0
908 462 0
413 106 0
674 232 0
795 183 0
950 701 0
325 324 0
821 78 0
905 738 0
920 196 0
960 458 0
821 183 0
750 669 0
852 662 0
853 588 0
884 793 0
617 407 0
902 830 0
941 283 0
452 119 0
540 539 0
685 282 0
558 31 0
478 140 0
753 735 0
543 449 0
787 175 0
729 290 0
856 2 0
796 473 0
995 393 0
193 191 0
708 582 0
541 223 0
724 516 0
619 164 0
565 393 0
363 114 0
955 715 0
851 703 0
778 478 0
629 10 0
564 451 0
81 0 0
259 108 0
116 76 0
248 84 0
660 406 0
421 110 0
968 54 0
896 200 0
985 902 0
170 24 0
571 114 0
704 476 0
870 718 0
742 135 0
313 58 0
593 431 0
534 509 0
992 905 0
755 424 0
999 248 0
482 50 0
913 269 0
599 152 0
686 635 0
738 708 0
193 156 0
939 394 0
881 224 0
465 216 0
845 111 0
576 258 0
151 92 0
869 165 0
377 362 0
778 385 0
90 58 0
841 785 0
752 331 0
995 896 0
641 569 0
217 6 0
576 467 0
760 279 0
916 192 0
950 910 0
339 100 0
433 105 0
950 407 0
665 315 0
214 169 0
712 456 0
497 104 0
665 276 0
308 203 0
887 287 0
552 407 0
557 314 0
993 197 0
964 278 0
425 149 0
971 180 0
769 485 0
636 234 0
655 38 0
258 122 0
672 436 0
838 804 0
544 83 0
833 687 0
842 828 0
582 458 0
924 333 0
691 70 0
505 447 0
468 92 0
319 316 0
85 23 0
663 623 0
521 40 0
983 407 0
435 123 0
802 235 0
720 83 0
714 41 0
201 191 0
604 496 0
780 252 0
941 394 0
406 39 0
741 556 0
325 86 0
671 290 0
487 35 0
515 476 0
626 117 0
815 641 0
655 214 0
732 512 0
569 487 0
833 628 0
659 112 0
961 724 0
954 768 0
911 646 0
557 244 0
944 697 0
738 339 0
892 9 0
730 271 0
475 307 0
955 379 0
865 584 0
905 514 0
655 649 0
963 437 0
992 721 0
630 364 0
543 373 0
534 128 0
696 222 0
628 379 0
950 353 0
808 574 0
827 419 0
769 628 0
947 626 0
903 883 0
768 766 0
996 468 0
690 89 0
904 21 0
260 252 0
671 652 0
690 631 0
936 123 0
833 776 0
370 162 0
399 353 0
865 397 0
720 113 0
73 35 0
594 383 0
999 372 0
704 210 0
750 349 0
678 358 0
993 920 0
895 642 0
725 406 0
414 254 0
887 331 0
566 379 0
567 391 0
908 379 0
465 376 0
641 151 0
571 484 0
574 330 0
956 597 0
537 412 0
757 339 0
932 343 0
772 313 0
991 781 0
859 48 0
828 731 0
721 207 0
987 749 0
796 544 0
643 217 0
525 178 0
934 543 0
824 82 0
638 323 0
546 164 0
542 2 0
129 4 0
456 366 0
768 553 0
732 126 0
896 27 0
990 825 0
864 202 0
616 474 0
897 366 0
573 105 0
826 584 0
941 186 0
551 52 0
255 70 0
853 778 0
476 5 0
650 320 0
579 473 0
957 646 0
938 403 0
793 791 0
580 43 0
884 470 0
772 683 0
538 266 0
663 292 0
768 45 0
885 595 0
170 158 0
848 166 0
359 57 0
575 388 0
542 395 0
533 225 0
823 280 0
924 129 0
774 166 0
445 403 0
978 480 0
625 378 0
835 218 0
547 415 0
963 621 0
891 686 0
370 213 0
907 10 0
537 77 0
441 225 0
441 30 0
959 278 0
206 23 0
833 167 0
746 177 0
482 432 0
603 503 0
593 591 0
973 791 0
519 183 0
694 71 0
886 718 0
561 230 0
671 198 0
337 317 0
719 618 0
954 739 0
542 505 0
913 845 0
393 359 0
450 56 0
393 34 0
974 346 0
689 649 0
558 12 0
181 148 0
313 149 0
601 95 0
886 602 0
724 31 0
495 319 0
945 643 0
571 316 0
440 350 0
663 55 0
485 421 0
404 220 0
905 1 0
856 431 0
886 180 0
795 608 0
871 2 0
408 275 0
689 509 0
999 820 0
964 169 0
559 203 0
944 896 0
874 840 0
999 387 0
585 12 0
282 109 0
824 251 0
602 106 0
263 252 0
755 42 0
993 164 0
470 368 0
669 533 0
995 348 0
669 519 0
841 233 0
496 83 0
831 732 0
365 145 0
357 73 0
384 143 0
515 139 0
862 333 0
868 696 0
898 467 0
495 120 0
612 346 0
580 380 0
980 523 0
707 532 0
535 302 0
851 534 0
603 253 0
941 642 0
708 464 0
663 461 0
929 350 0
974 715 0
925 467 0
543 512 0
599 383 0
909 310 0
441 411 0
493 406 0
744 635 0
478 336 0
557 339 0
932 684 0
618 295 0
710 532 0
410 84 0
728 532 0
953 254 0
440 260 0
989 914 0
452 266 0
751 6 0
805 310 0
948 455 0
926 638 0
549 138 0
681 66 0
805 275 0
810 606 0
737 71 0
533 389 0
621 530 0
236 83 0
471 197 0
890 766 0
479 168 0
600 181 0
761 152 0
680 606 0
731 507 0
396 143 0
416 358 0
978 648 0
740 15 0
706 14 0
850 679 0
999 208 0
863 483 0
513 173 0
705 153 0
768 82 0
597 588 0
734 586 0
512 308 0
909 587 0
786 562 0
573 560 0
922 588 0
272 54 0
958 599 0
634 80 0
451 151 0
305 62 0
892 463 0
617 474 0
904 430 0
241 220 0
221 168 0
922 592 0
671 489 0
175 45 0
897 489 0
975 669 0
662 627 0
988 427 0
806 677 0
706 133 0
794 498 0
488 427 0
969 371 0
922 173 0
576 379 0
517 329 0
762 449 0
887 205 0
389 37 0
990 500 0
354 215 0
386 313 0
987 481 0
585 36 0
907 701 0
928 870 0
391 156 0
524 6 0
652 397 0
319 18 0
919 614 0
636 348 0
696 350 0
189 144 0
240 100 0
858 507 0
547 358 0
503 366 0
787 64 0
312 204 0
472 114 0
692 87 0
694 684 0
915 636 0
399 281 0
550 9 0
611 498 0
921 901 0
923 233 0
670 477 0
946 411 0
508 303 0
493 366 0
398 342 0
233 187 0
861 755 0
808 366 0
779 408 0
652 212 0
436 381 0
795 369 0
666 592 0
976 374 0
600 272 0
765 564 0
483 132 0
743 148 0
960 535 0
678 447 0
634 450 0
720 61 0
801 526 0
376 221 0
860 66 0
510 169 0
816 309 0
362 129 0
327 259 0
572 477 0
965 701 0
966 879 0
608 124 0
362 131 0
782 522 0
731 573 0
59 4 0
797 750 0
876 585 0
800 19 0
477 382 0
794 321 0
754 1 0
763 551 0
969 97 0
935 915 0
923 54 0
938 321 0
947 359 0
293 159 0
807 285 0
916 397 0
659 35 0
238 125 0
438 248 0
870 89 0
832 60 0
155 116 0
668 54 0
596 331 0
988 346 0
912 792 0
835 713 0
912 648 0
653 155 0
506 230 0
667 437 0
754 134 0
745 98 0
484 107 0
836 413 0
866 620 0
669 364 0
533 118 0
323 284 0
581 357 0
431 341 0
588 405 0
811 95 0
751 86 0
982 248 0
877 818 0
364 46 0
629 280 0
161 35 0
240 41 0
971 153 0
845 26 0
953 549 0
195 58 0
334 14 0
583 412 0
321 243 0
595 253 0
963 96 0
968 695 0
438 121 0
556 504 0
970 830 0
747 248 0
960 249 0
240 227 0
969 146 0
605 190 0
723 644 0
477 239 0
903 563 0
944 274 0
941 873 0
600 47 0
573 294 0
312 295 0
855 713 0
806 639 0
475 163 0
576 143 0
523 89 0
986 477 0
658 233 0
378 291 0
993 837 0
726 565 0
728 481 0
171 71 0
531 60 0
461 14 0
962 345 0
698 545 0
501 268 0
937 142 0
554 513 0
491 429 0
385 279 0
840 213 0
370 146 0
583 398 0
672 53 0
816 801 0
918 549 0
771 265 0
716 29 0
880 585 0
859 709 0
665 375 0
624 261 0
829 157 0
756 72 0
972 335 0
794 782 0
488 178 0
634 157 0
887 301 0
517 497 0
969 299 0
773 162 0
760 228 0
505 390 0
251 68 0
726 257 0
822 139 0
354 172 0
869 459 0
494 188 0
877 676 0
630 610 0
613 494 0
742 147 0
652 568 0
697 422 0
163 58 0
767 765 0
944 259 0
921 838 0
893 117 0
927 816 0
240 33 0
312 165 0
415 265 0
917 355 0
622 322 0
609 298 0
453 141 0
555 276 0
520 512 0
884 40 0
933 243 0
689 231 0
656 649 0
979 970 0
937 730 0
367 19 0
863 502 0
786 332 0
998 577 0
246 205 0
778 261 0
635 52 0
188 158 0
788 741 0
887 657 0
931 128 0
431 74 0
478 72 0
703 347 0
901 594 0
481 182 0
681 640 0
822 189 0
501 291 0
519 365 0
879 817 0
944 733 0
699 573 0
834 302 0
972 790 0
306 203 0
651 562 0
763 622 0
583 28 0
453 146 0
339 174 0
616 206 0
676 443 0
91 27 0
953 889 0
939 439 0
508 367 0
972 779 0
717 297 0
866 792 0
906 836 0
902 79 0
392 205 0
365 194 0
666 199 0
205 103 0
609 23 0
759 597 0
648 215 0
638 531 0
448 424 0
812 275 0
532 262 0
882 854 0
849 186 0
865 809 0
942 244 0
866 529 0
444 118 0
865 727 0
842 328 0
391 219 0
924 245 0
545 493 0
539 182 0
389 94 0
940 459 0
13 3 0
740 660 0
999 176 0
490 17 0
467 300 0
979 256 0
578 466 0
843 660 0
472 150 0
659 49 0
542 264 0
717 240 0
682 508 0
632 375 0
417 367 0
952 271 0
777 428 0
570 289 0
761 548 0
536 418 0
819 535 0
817 63 0
645 285 0
967 689 0
273 59 0
914 871 0
381 317 0
838 361 0
115 95 0
962 814 0
843 446 0
163 20 0
894 3 0
522 401 0
798 647 0
915 184 0
722 260 0
664 287 0
528 5 0
943 826 0
882 492 0
752 711 0
304 254 0
518 80 0
798 415 0
442 44 0
793 589 0
426 267 0
809 160 0
688 529 0
442 276 0
602 202 0
843 426 0
770 309 0
65 2 0
987 237 0
615 35 0
977 420 0
434 24 0
800 693 0
997 861 0
700 178 0
789 633 0
846 92 0
170 154 0
900 62 0
851 8 0
359 3 0
351 28 0
242 111 0
219 177 0
937 352 0
875 822 0
767 209 0
409 10 0
356 324 0
888 190 0
486 318 0
783 3 0
930 924 0
781 441 0
311 279 0
605 75 0
901 607 0
866 11 0
900 839 0
