-1923289532
503 400 1571
676 589 9291
762 700 12300
844 272 17868
534 102 20498
955 508 23075
281 231 24307
688 629 25636
472 185 26481
545 389 26754
411 168 29154
563 422 30833
968 959 36083
336 322 46402
762 261 49194
656 415 49902
488 119 67432
141 51 70604
399 222 70870
477 18 71281
927 841 71999
460 430 73468
671 210 79081
807 35 89210
921 737 90388
353 169 101494
873 785 103026
876 765 116894
226 219 121652
835 384 127970
784 331 131833
602 509 132213
634 75 132830
956 498 134307
244 34 134617
407 166 138834
774 580 145298
914 290 147368
804 93 150653
852 114 154438
225 75 156667
682 203 165051
857 824 168352
972 956 168374
919 477 168671
819 80 172512
973 396 189790
798 183 196120
449 14 198380
598 49 198938
381 72 199321
589 216 203589
101 21 210694
997 417 211609
646 18 213506
933 706 220521
714 38 224125
642 381 224308
533 469 226146
805 580 228708
883 567 242545
664 416 245242
121 95 245968
515 64 249913
919 689 250490
881 439 256348
428 266 259179
468 79 260659
277 215 260995
351 340 265567
919 405 268733
315 124 273932
988 854 275571
945 766 277953
957 707 279772
736 274 280941
734 451 281914
937 910 308644
738 303 308798
502 69 311062
776 633 314222
424 421 322515
305 130 324957
981 244 325839
611 559 328124
502 290 328305
384 155 328866
419 284 329938
765 570 331874
757 410 335612
618 380 338611
867 631 341742
319 124 341863
786 268 344047
891 783 359040
828 675 359084
687 165 363685
958 950 370733
747 639 371128
19 6 374922
715 653 379967
705 447 382182
836 420 386197
998 770 388215
733 163 389935
534 337 394191
978 71 396983
393 38 402491
385 35 412176
877 608 417530
918 441 423225
404 258 428393
318 172 429801
981 629 435589
162 36 436005
264 233 445376
828 628 445450
880 457 448472
458 189 450538
349 208 452914
656 175 455303
442 150 459459
994 358 460753
30 14 462621
373 315 465637
464 338 470402
927 404 476782
932 76 479016
818 167 480324
595 247 485780
373 317 491867
438 340 497354
984 66 499863
752 637 505567
695 536 505743
284 276 510022
909 830 511068
505 180 511392
630 178 511535
371 202 527363
653 199 530129
550 28 532704
356 119 536829
579 332 539061
456 236 542996
773 370 545899
637 354 546754
909 655 549787
253 130 551250
694 59 551646
833 333 554703
741 31 556424
327 162 566282
934 490 567019
370 207 578329
998 389 594101
467 124 595897
821 294 597825
583 399 598170
20 13 600594
622 193 601767
369 296 615733
664 246 621210
398 220 630352
466 180 630610
327 175 632413
483 137 632471
391 318 646594
518 326 651326
688 42 651625
741 147 653847
895 764 657831
265 157 661480
954 604 665926
878 108 669998
951 495 673993
844 137 674798
810 439 674964
765 154 676757
951 151 676988
427 174 681055
759 374 683749
972 184 698474
939 59 701564
927 308 709994
713 329 714018
769 197 716857
839 752 719160
993 188 720542
438 129 725499
274 105 728529
817 396 730384
432 398 738524
802 152 751400
839 499 761073
827 366 761714
841 186 762095
478 310 763387
64 9 765489
930 84 767796
634 578 770779
225 164 778084
478 360 780933
823 438 784632
626 188 784940
981 334 786776
807 478 788013
539 453 788601
805 242 796888
959 218 803332
979 741 803803
728 196 808477
601 133 808753
727 598 817315
956 825 817757
888 672 818309
876 824 825594
775 437 837529
569 0 841919
977 553 842234
546 243 846260
500 303 849413
773 57 854581
913 143 856268
377 229 864786
974 467 870626
506 3 871496
816 366 872433
777 266 891291
434 417 898028
941 745 919879
610 116 920094
933 837 921420
481 226 926333
992 968 932385
665 495 950404
623 476 954642
715 562 959943
585 578 963119
250 97 963736
599 481 964163
585 14 965226
869 221 967318
181 133 971246
999 309 973308
525 361 979799
452 367 985066
799 211 987582
574 494 1001742
505 96 1004325
433 175 1020597
215 7 1033582
561 53 1036989
789 682 1060997
254 192 1062611
324 158 1065885
965 499 1077601
776 329 1077933
986 419 1080328
897 153 1086578
481 367 1092488
627 411 1096421
726 723 1098785
885 541 1100855
973 758 1102152
731 281 1104984
532 510 1115389
678 432 1128177
889 445 1135364
501 0 1140248
842 155 1141179
984 202 1145788
617 118 1145885
669 177 1146259
711 312 1147924
939 132 1147965
511 473 1148694
804 444 1157712
937 866 1158628
881 63 1162272
991 862 1163722
393 25 1166331
966 38 1168008
990 375 1170658
330 141 1172839
296 185 1173115
647 344 1174635
952 35 1176988
752 533 1185313
771 468 1188668
881 669 1189002
997 390 1189511
693 542 1189987
576 11 1193750
705 678 1194225
708 651 1203297
921 408 1204682
761 103 1209331
951 880 1217531
534 267 1217696
798 275 1219637
957 737 1223105
373 300 1223693
356 50 1235909
344 174 1238783
637 405 1241838
979 703 1245332
884 703 1256588
208 161 1257319
862 732 1272795
802 471 1276669
933 303 1277266
800 259 1278155
850 414 1281664
252 157 1287429
590 338 1288808
908 131 1294023
966 48 1294871
820 295 1301607
90 73 1307003
47 20 1312343
734 120 1312739
890 466 1340197
581 332 1340465
757 694 1340516
581 296 1343423
378 0 1343537
894 659 1353575
631 577 1354637
580 221 1354904
755 254 1359313
589 530 1359454
344 185 1359760
777 79 1362136
458 410 1362307
483 340 1362320
941 516 1362624
215 29 1362953
807 286 1363336
417 346 1363921
832 23 1371579
506 283 1377570
776 657 1383109
418 257 1390779
424 201 1393241
718 294 1396365
682 603 1399293
663 154 1399428
580 287 1407420
275 189 1412899
201 133 1416842
698 326 1417935
750 606 1428522
703 97 1429653
960 733 1429881
920 639 1430333
304 59 1430966
238 225 1432697
774 752 1433190
940 736 1435781
805 203 1437182
715 296 1437603
971 899 1440735
936 331 1441170
921 876 1456473
645 617 1460580
444 332 1460630
774 441 1460931
571 428 1462693
345 99 1464333
901 184 1466330
819 543 1467548
592 420 1473922
901 334 1474172
218 208 1479767
927 874 1486552
332 181 1487416
683 118 1491865
442 40 1496663
693 372 1497035
330 164 1498791
608 588 1499080
613 46 1500379
835 655 1506199
764 687 1506876
175 125 1507006
846 197 1512549
716 343 1518461
899 99 1520310
958 757 1520835
687 610 1526816
835 524 1527977
783 474 1530957
675 266 1535931
872 784 1536236
995 834 1539306
572 351 1541690
279 164 1542155
758 41 1542746
977 616 1542840
947 244 1542918
400 241 1544576
812 753 1546834
477 456 1547277
527 120 1558774
489 248 1560290
910 902 1563448
29 6 1568207
552 280 1570803
909 623 1572015
724 590 1576838
674 635 1576971
273 37 1584137
641 45 1584355
967 350 1592024
882 452 1606541
563 293 1607026
903 712 1609311
494 298 1612675
517 63 1614156
876 515 1629644
644 307 1635081
686 159 1636670
897 619 1645774
890 229 1646159
453 150 1648263
871 439 1655397
999 12 1658926
636 219 1664209
689 79 1665630
132 31 1671300
405 122 1674515
369 362 1674625
563 164 1674774
481 147 1688123
399 91 1694681
979 236 1695720
792 386 1706469
841 485 1709544
822 418 1714787
818 297 1716441
637 438 1722818
568 83 1724814
945 10 1730273
416 22 1731749
898 12 1732587
798 728 1732863
915 148 1738648
957 488 1739634
792 176 1741840
877 278 1744101
159 102 1748905
964 51 1750557
871 440 1751158
785 402 1757871
983 945 1773791
774 321 1779263
482 4 1782404
423 394 1791125
533 257 1792578
247 18 1794337
485 252 1795493
674 510 1796439
365 117 1796704
600 110 1798426
877 725 1803642
773 16 1808585
549 274 1809805
261 183 1814884
251 207 1815908
695 236 1825607
458 25 1833512
724 250 1833553
801 5 1839130
783 679 1839960
820 285 1843694
527 428 1847581
440 217 1848874
693 442 1854170
270 91 1868228
672 291 1874184
989 121 1883720
126 53 1891417
392 75 1892237
775 352 1893157
763 346 1895497
981 62 1897176
860 219 1909039
506 241 1911046
192 182 1912427
412 248 1914878
465 207 1917453
621 433 1917908
960 49 1918050
450 438 1919912
492 90 1931915
621 588 1935858
526 510 1943978
388 227 1947684
314 78 1948921
341 152 1956480
875 632 1957465
751 23 1974823
922 65 1979537
762 697 1987507
320 210 1988735
895 734 1990356
708 253 1990721
970 368 1994008
455 257 1995573
463 331 2002513
314 76 2005160
746 50 2009456
233 31 2016766
671 496 2019961
852 445 2025780
985 808 2028908
574 451 2034805
608 2 2037973
752 238 2051113
366 77 2051578
970 948 2056719
796 560 2059596
315 154 2060887
527 216 2062449
595 356 2074891
596 255 2074920
717 254 2089640
944 340 2097247
890 567 2104153
411 157 2111909
926 413 2117043
714 391 2126202
795 439 2137120
90 48 2138155
694 144 2141394
928 6 2143075
354 232 2144161
796 601 2153293
554 400 2157628
741 402 2165605
296 82 2173541
927 370 2175182
530 243 2175869
897 45 2176027
869 269 2182106
908 147 2187249
444 321 2188671
621 249 2188765
960 956 2191726
549 18 2193879
629 530 2201233
592 98 2202496
772 465 2210631
734 239 2214122
851 264 2215934
889 116 2215940
867 396 2217343
254 116 2229726
970 946 2233806
667 270 2239951
567 1 2250117
867 160 2250335
668 393 2255052
836 231 2266485
566 263 2266832
647 259 2267152
971 369 2274078
588 359 2290365
712 55 2294889
904 650 2297241
506 80 2298889
370 101 2301022
316 297 2301563
885 19 2303277
346 202 2305815
753 583 2307287
482 66 2310924
875 782 2324669
622 488 2327297
755 280 2340640
505 178 2355240
448 108 2363567
493 80 2376483
164 3 2377749
945 450 2379348
393 68 2388645
602 575 2396410
970 875 2402590
983 497 2403372
895 548 2403419
620 29 2404942
304 206 2415407
673 627 2417416
404 193 2419726
516 436 2443647
166 54 2449509
302 219 2450071
943 571 2452416
483 178 2465233
999 96 2471824
863 382 2480986
875 708 2482600
310 167 2483621
769 486 2490114
690 519 2498918
653 104 2518413
997 318 2523287
999 89 2524187
614 162 2524848
387 302 2527340
282 30 2534937
831 346 2543875
510 414 2550212
986 862 2551506
960 303 2556214
378 306 2560336
690 298 2570399
592 579 2571545
629 508 2572149
895 625 2575127
377 366 2575231
614 397 2580904
742 62 2587841
745 507 2594104
931 75 2598067
583 161 2598492
672 202 2602579
510 370 2608299
971 394 2613519
843 324 2614330
921 5 2622261
765 409 2625750
802 561 2625986
721 373 2634471
797 326 2635725
263 135 2638662
917 818 2643313
944 645 2645864
739 433 2651354
562 215 2656683
757 169 2683165
729 516 2683558
85 11 2689042
835 5 2691400
752 27 2695768
613 186 2701213
892 379 2707736
307 54 2713872
618 403 2714855
854 586 2727605
116 58 2731402
812 768 2731834
689 594 2743134
361 66 2747479
491 488 2748707
816 564 2753566
975 497 2754245
397 61 2757830
687 643 2757844
916 854 2771684
987 5 2774133
665 527 2781986
835 514 2785863
842 551 2786152
708 40 2807333
229 72 2815768
260 6 2817652
997 140 2818290
242 173 2818322
744 672 2825698
877 603 2825707
352 223 2826361
20 0 2833743
697 602 2836169
659 213 2838852
642 374 2839713
644 268 2839817
835 669 2841063
748 318 2846031
738 85 2846103
921 357 2850395
962 840 2859259
815 717 2862665
813 767 2867831
857 156 2869965
969 771 2883331
404 209 2887259
615 292 2889884
490 466 2892646
882 329 2899024
492 78 2901785
204 170 2902232
552 437 2906176
391 95 2908666
915 309 2908894
848 296 2920594
981 211 2930358
720 639 2931400
992 639 2936521
939 641 2943262
730 23 2955628
522 474 2956689
732 23 2959188
704 38 2962705
883 413 2963713
985 271 2970953
362 286 2973020
715 267 2982925
856 489 2992675
816 758 2994116
460 215 3003203
430 245 3011437
881 843 3012153
793 164 3024188
691 411 3026756
740 717 3047619
738 256 3051481
294 53 3055475
611 468 3058909
906 142 3059366
967 130 3061989
348 195 3071108
368 241 3072446
263 240 3074340
864 481 3080510
679 524 3088755
986 56 3095856
821 6 3115994
398 183 3122048
811 49 3132539
531 381 3138483
610 149 3147688
331 218 3151245
935 113 3171231
985 283 3175210
996 619 3183403
677 428 3183856
711 299 3196801
357 195 3204619
892 167 3206929
342 168 3208806
755 270 3239339
714 81 3254847
823 745 3262204
228 187 3268589
806 480 3271247
680 440 3274734
937 593 3289664
922 516 3295475
489 78 3317862
659 260 3326539
547 368 3348992
571 487 3349723
661 336 3375286
871 301 3384123
470 45 3387695
758 475 3390749
986 597 3395450
591 235 3397852
789 358 3401154
861 648 3402757
849 800 3412248
538 137 3414104
407 404 3440430
363 342 3442251
711 31 3462430
638 537 3465104
624 322 3468522
824 756 3482871
340 179 3486545
352 263 3494127
692 454 3499558
685 390 3509028
636 111 3509515
995 242 3524967
591 374 3525655
52 41 3528833
967 568 3531562
934 323 3535767
698 569 3540212
770 208 3540406
276 2 3542009
814 268 3545416
710 402 3551098
999 197 3554503
916 752 3555080
816 67 3556024
490 112 3566601
402 115 3575687
881 237 3576989
670 183 3578996
524 100 3580165
978 769 3604309
472 171 3605308
356 138 3617269
802 557 3622224
347 234 3625196
792 353 3643318
480 32 3643728
395 360 3648128
515 512 3659775
820 646 3661806
973 754 3673650
306 72 3688409
794 154 3691661
551 117 3698529
872 556 3726055
551 74 3745206
795 692 3755924
198 73 3763625
796 134 3801602
683 60 3809362
956 861 3819190
390 328 3819285
407 84 3821781
935 161 3849103
767 562 3861197
903 726 3868554
385 43 3868842
566 22 3870589
868 794 3880152
937 819 3892797
510 194 3904269
770 681 3931352
875 529 3937452
800 719 3948346
911 631 3961788
806 503 3976346
333 207 3979419
986 781 4004126
809 315 4018635
807 716 4023456
280 70 4028733
326 224 4029093
696 553 4040835
731 671 4043497
643 640 4071725
678 523 4077594
464 44 4084982
904 284 4087881
220 28 4089324
973 479 4098357
292 100 4106543
547 107 4113476
513 358 4118843
866 473 4127369
964 963 4128000
804 336 4129547
443 439 4130755
558 532 4130990
944 205 4132988
926 388 4153451
626 39 4207794
878 287 4207804
761 721 4223479
463 55 4225044
92 22 4241112
838 401 4243966
833 626 4255365
840 34 4258928
977 900 4274726
779 48 4290373
290 11 4300822
532 234 4302601
48 33 4326183
339 69 4352297
863 750 4357412
513 191 4363298
896 602 4379460
925 130 4386487
654 600 4388249
709 75 4395692
701 14 4399147
693 406 4413524
929 724 4421552
666 199 4422484
977 882 4431511
232 123 4444056
663 462 4456705
953 308 4473285
142 107 4489086
109 34 4502858
572 214 4559090
949 53 4572967
803 344 4580686
684 33 4617400
562 380 4631025
750 39 4672266
699 655 4680852
893 249 4712752
433 335 4753803
660 517 4789964
439 425 4805426
842 504 4810934
778 316 4817047
826 87 4830121
954 361 4856206
445 288 4885988
923 370 4908618
879 441 4917420
788 695 4918132
760 238 4932555
895 780 4944718
431 30 4945445
858 314 4949455
340 200 4954772
110 58 4969045
537 328 4987434
584 290 4992378
459 80 4993838
649 102 4997190
662 483 4998993
942 840 5002452
223 136 5020270
571 521 5026205
640 262 5063532
961 190 5069454
977 540 5082675
416 230 5090228
228 62 5166964
576 94 5202010
761 446 5226292
775 146 5237431
976 762 5250978
843 787 5317175
905 503 5356823
618 127 5365253
504 426 5367001
829 282 5402971
355 47 5447394
305 289 5453059
484 357 5477494
961 435 5545878
713 145 5547154
943 596 5573227
535 346 5585925
735 605 5594904
865 241 5635539
658 152 5659548
429 179 5664930
993 143 5688863
647 573 5716901
867 605 5730204
468 15 5737658
980 938 5762719
540 24 5765052
828 311 5776989
982 424 5783094
990 65 5791185
86 43 5795380
656 544 5808997
379 212 5888476
528 504 5890124
749 374 5952788
980 855 6003795
853 733 6013379
870 357 6112227
961 228 6120475
204 64 6132699
814 313 6156108
781 8 6211475
898 791 6240035
346 106 6280867
840 702 6444279
729 139 6475051
982 743 6615147
929 582 6653159
288 17 6664678
609 138 6707976
933 924 6731910
859 542 6848617
401 8 6857316
305 87 6921661
214 26 6962236
273 147 7083659
669 587 7209400
366 88 7283290
565 500 7385315
855 538 7459372
990 912 7568702
845 345 7739158
325 298 7893889
461 348 7906177
907 827 8073932
757 128 8113930
847 596 8361050
607 34 8399811
759 364 8474289
652 62 8699011
886 271 8914461
376 267 9025169
887 59 9776875
829 612 9779899
769 555 10228428
703 383 11027929
520 117 11830342
722 288 13244266
790 64 13285301
