-1850396373
239 62 5924
60 31 8999
895 848 12037
920 259 13532
402 72 14133
474 9 18163
892 36 20301
786 374 21538
184 180 22112
240 63 22749
949 398 38068
657 171 43290
792 452 60038
220 45 70066
994 418 70640
948 610 72413
963 534 74182
415 364 84499
273 197 86299
310 38 96729
928 558 98391
693 463 100404
651 276 102090
775 663 105779
632 462 110053
929 0 110157
558 164 111219
766 457 113919
197 113 114006
623 372 118329
757 536 128905
771 339 131330
961 754 148005
757 397 153507
825 21 154568
234 32 155263
541 187 167343
392 329 175835
842 356 188208
787 634 191615
996 165 202566
424 40 212858
386 372 214262
737 206 228088
442 15 230192
250 202 234975
116 35 241398
867 327 242696
843 261 245185
889 553 247575
883 183 256680
996 21 260233
396 298 267197
543 371 273715
270 239 279100
498 286 281575
982 812 283244
701 203 284345
565 145 284784
701 168 285429
930 485 288831
773 384 289311
336 308 294587
489 13 298542
440 179 309584
595 231 309803
541 378 312117
692 276 314278
886 631 326051
880 95 334343
766 633 344526
969 548 356015
979 495 356503
623 465 358877
960 350 359693
783 543 360006
432 392 361812
810 239 362014
729 523 372570
751 588 381286
910 56 382874
909 906 387627
812 52 389119
567 361 399250
862 542 410074
753 727 413542
993 286 433716
604 277 441316
629 517 442308
693 668 443953
857 94 451054
913 827 463483
359 265 466485
856 836 469863
763 581 478422
374 179 488083
748 174 491171
578 176 495617
155 27 496113
161 106 498991
400 387 501803
974 878 507415
545 532 509120
593 203 511040
827 771 514614
441 125 521425
626 532 522250
776 122 525169
699 538 539005
642 168 539648
349 177 542040
618 228 549615
653 353 551578
913 781 553084
700 67 556148
486 483 577329
258 19 580650
978 615 583848
330 224 587815
206 180 595373
539 258 595632
903 242 601651
297 203 605076
675 343 605602
490 131 607894
859 186 612087
361 281 625103
893 15 632519
779 562 634378
438 42 634868
577 527 635135
682 65 635168
894 458 640373
358 250 641268
997 579 641397
834 394 654715
929 672 661947
950 737 664225
394 328 675795
888 141 680227
935 135 681147
454 287 695313
794 418 697486
794 695 697653
878 197 698990
473 18 704494
740 424 707671
637 307 708216
928 662 714201
620 34 716381
865 444 717570
426 384 720422
539 461 737925
940 336 742418
947 348 743614
918 169 744482
814 338 757029
737 530 762761
997 666 768200
733 75 768858
658 651 770972
107 64 773653
687 166 774772
515 129 780458
817 710 780798
388 360 783949
452 26 788190
648 509 800816
672 261 803582
195 131 807522
165 18 818305
967 873 819981
315 175 821477
945 775 821849
826 254 822413
706 149 822448
463 146 823572
362 255 825867
892 213 828429
934 183 831651
459 244 835922
979 730 840944
496 56 849660
871 771 854092
639 122 856166
946 664 865492
640 305 867500
345 228 870752
324 283 872827
454 160 876884
756 358 881251
488 348 881483
479 271 885509
515 438 887993
896 391 888902
894 249 892039
978 425 898931
887 268 899096
936 836 900705
258 91 902710
575 49 906048
787 132 908551
658 73 910503
378 204 916726
995 868 925413
204 54 930668
850 658 936674
851 131 937627
725 636 937960
701 646 938967
985 724 944404
603 297 945562
700 274 953195
295 74 959830
927 456 959834
433 65 959856
961 408 961819
755 723 966483
575 542 973622
845 106 975660
985 161 981900
886 91 985840
290 68 986614
345 78 988158
349 97 991611
83 26 991970
529 446 993822
967 920 995008
794 99 996444
571 160 997072
752 309 1006238
879 754 1017265
878 75 1017789
680 405 1029352
726 153 1038164
205 73 1041921
708 56 1042586
588 444 1044638
454 37 1045104
866 342 1050136
904 384 1051543
959 668 1052105
989 183 1057574
819 213 1072078
827 257 1083187
810 664 1085895
590 374 1089735
971 329 1094297
862 693 1098341
694 386 1100989
584 440 1103314
395 279 1107279
786 684 1115551
581 515 1116226
955 686 1121368
497 449 1136837
822 257 1145122
58 49 1154828
654 432 1156064
743 517 1162025
819 777 1165058
483 186 1165530
805 289 1165932
456 142 1167865
845 465 1174397
366 356 1180003
373 185 1180481
902 325 1185229
608 304 1185721
520 481 1187228
896 540 1190536
460 206 1201415
858 193 1218830
808 472 1219030
857 615 1219135
801 640 1220533
934 93 1222462
748 327 1224314
737 636 1226292
761 746 1234512
795 281 1243476
770 373 1249178
838 145 1252697
227 170 1253870
781 439 1256917
761 229 1260510
959 574 1268956
879 179 1271432
780 507 1271678
992 651 1278014
661 359 1281709
882 85 1285728
167 141 1287760
991 367 1287859
542 409 1289081
890 701 1299306
750 441 1301866
957 167 1303322
447 54 1304541
887 702 1306743
617 495 1315865
119 95 1324044
756 467 1327624
457 253 1336387
511 406 1338734
881 179 1340179
543 25 1348519
869 520 1355608
658 460 1355880
895 658 1366163
731 443 1369375
366 168 1374258
468 214 1376879
741 575 1390998
923 64 1393018
397 28 1403776
688 372 1405317
467 274 1407982
727 419 1409206
932 740 1412450
858 762 1418141
538 108 1423941
976 459 1432437
869 264 1433936
854 678 1434055
879 228 1436562
578 194 1438499
842 170 1449378
360 194 1455295
593 160 1455438
937 666 1463351
751 395 1465224
885 243 1470620
106 87 1472601
708 272 1489444
706 353 1495889
965 70 1497521
958 243 1504442
400 383 1505919
912 370 1505929
696 78 1510938
805 427 1514068
972 555 1515339
169 163 1524502
950 84 1524580
886 96 1531852
924 182 1533541
753 18 1534425
792 756 1537985
713 53 1539453
853 392 1540414
825 446 1548584
665 385 1548683
809 550 1548804
994 886 1556503
332 83 1556940
244 225 1564459
691 431 1565911
911 65 1566442
63 29 1568853
347 189 1572932
968 111 1576068
797 396 1580420
891 880 1582530
957 263 1584340
545 221 1586481
482 133 1600806
692 243 1601415
786 593 1608005
915 814 1614315
758 322 1615924
795 523 1622041
593 240 1623467
764 126 1627316
829 763 1628420
438 156 1628675
638 60 1630646
880 731 1635728
286 96 1637804
819 464 1641488
779 505 1646649
394 27 1650934
694 196 1651086
608 310 1654750
816 490 1662325
934 494 1667838
493 447 1671362
491 216 1673435
150 62 1675688
234 150 1683084
375 25 1686992
292 103 1692375
218 56 1700347
324 179 1701140
409 178 1701328
389 111 1705782
825 759 1707159
855 3 1709629
795 473 1730795
493 52 1734035
693 406 1736165
739 302 1743853
215 110 1751599
888 804 1753805
411 39 1755420
767 397 1756666
762 640 1763445
928 234 1764087
377 338 1778150
332 228 1782867
470 161 1787812
857 406 1792391
991 865 1792705
864 30 1799123
616 177 1807743
90 27 1813855
315 239 1814215
935 399 1815749
383 89 1817162
161 67 1829342
937 619 1830578
647 516 1835892
986 325 1836647
509 230 1840770
894 114 1842472
922 315 1844876
953 148 1846060
762 430 1851153
623 55 1858400
174 154 1859332
255 236 1868820
343 143 1871260
583 197 1872311
860 854 1872652
461 441 1873041
733 215 1887551
774 306 1897412
418 298 1899711
821 497 1899728
645 127 1907956
933 581 1908712
977 288 1917224
936 587 1919159
927 175 1920240
753 206 1926763
330 177 1930313
482 403 1936892
831 222 1949293
401 214 1952362
295 254 1955712
599 304 1955875
968 920 1955982
552 453 1958922
753 611 1960982
962 375 1964192
879 619 1964495
977 243 1967133
404 217 1968406
406 171 1976811
564 133 1978106
863 286 1984181
769 122 1985627
383 113 1985668
879 710 1989821
752 272 1993917
688 531 1996794
131 91 2003041
452 3 2005775
984 326 2007299
583 252 2011115
136 102 2011852
632 624 2016641
927 720 2019350
312 50 2023732
519 514 2024248
502 185 2029790
862 54 2034020
954 746 2034043
865 419 2035258
674 255 2039897
555 255 2041742
890 138 2043658
467 411 2046641
812 182 2056478
563 83 2056675
919 365 2056851
942 499 2059356
969 402 2060004
107 17 2060279
238 80 2060711
894 16 2062603
227 110 2066454
844 88 2068223
991 148 2072712
626 155 2078609
600 416 2079736
844 809 2080285
565 516 2081580
856 191 2081984
894 353 2085026
850 467 2085263
740 222 2092080
359 25 2093213
586 517 2096768
456 263 2098151
310 278 2098349
272 146 2108809
360 314 2116664
909 352 2122265
902 169 2126216
433 293 2126366
832 668 2130998
447 354 2132615
451 192 2136501
190 56 2139535
820 234 2149427
220 62 2151649
800 110 2152594
309 280 2152937
854 140 2174859
205 122 2176599
674 609 2177324
770 23 2177478
687 224 2180948
409 237 2187667
380 368 2194805
770 271 2197071
576 87 2214643
983 28 2216093
694 41 2229289
421 31 2235112
828 208 2238735
941 689 2239602
466 29 2239720
176 146 2245734
774 728 2247296
960 267 2250594
617 482 2253417
360 90 2254287
324 275 2256673
817 218 2256894
809 623 2258260
791 645 2259116
983 122 2263201
761 210 2268962
709 667 2274825
736 422 2275138
710 139 2280387
738 112 2283253
778 654 2285816
964 949 2302958
588 244 2303786
956 871 2314143
959 640 2315937
481 459 2316505
295 225 2325281
721 572 2326577
879 132 2333508
902 536 2340511
501 255 2340529
877 518 2350181
469 289 2350817
515 423 2351968
526 376 2354130
877 548 2359658
635 470 2359749
910 544 2367683
543 346 2374421
839 472 2378778
764 343 2380329
989 217 2386411
799 235 2396291
748 471 2401823
515 293 2403149
878 629 2407451
495 181 2423921
908 758 2424498
405 178 2426647
949 61 2437595
625 319 2437686
804 6 2450227
472 300 2451931
943 627 2463114
436 35 2472137
833 121 2472782
906 668 2474387
448 250 2478146
965 76 2478365
963 55 2481422
902 121 2482206
488 283 2483762
829 296 2489479
995 376 2492270
106 13 2495062
997 390 2495746
522 199 2502831
492 401 2505475
412 232 2508726
697 127 2509710
670 602 2517294
200 94 2520138
810 4 2523608
330 85 2525827
901 423 2527390
922 3 2538597
179 42 2555574
718 234 2556095
501 239 2560031
497 356 2560971
313 165 2561308
875 469 2573374
881 582 2573598
339 163 2579748
133 15 2580500
360 333 2580625
649 553 2588240
482 479 2597045
802 68 2598685
935 840 2601992
749 349 2612035
388 147 2612183
943 448 2614544
812 70 2616489
847 635 2625319
987 706 2627860
917 242 2630422
740 613 2631739
988 870 2635913
780 612 2641335
971 139 2649973
268 235 2661873
676 174 2665103
684 526 2676641
734 47 2679072
807 378 2680490
708 516 2687169
459 143 2698484
977 369 2700807
930 386 2704964
739 736 2710796
826 195 2712309
582 116 2714760
403 231 2720027
760 38 2720515
556 533 2723640
781 117 2729051
571 34 2730787
599 356 2734602
480 232 2735569
448 318 2737290
377 259 2739954
960 560 2740881
753 371 2741023
262 48 2742845
482 184 2747772
357 347 2752373
996 109 2762517
987 119 2764103
503 66 2766545
824 557 2771335
697 277 2774455
781 592 2775531
699 387 2785498
421 172 2787756
601 26 2787823
777 578 2790858
416 82 2796464
819 172 2799882
356 101 2802325
353 195 2811733
192 38 2813603
721 488 2816852
739 731 2824207
594 397 2829037
290 27 2830634
738 711 2840164
651 399 2842329
623 208 2843292
828 183 2844871
605 14 2859648
508 460 2861036
770 765 2867303
945 512 2871555
331 63 2871920
686 137 2874792
318 59 2876506
929 356 2877541
940 510 2877808
763 334 2880200
278 233 2885809
413 366 2892807
291 279 2895784
772 209 2903282
849 434 2905831
276 248 2906957
513 508 2910180
445 164 2910968
587 286 2916226
909 605 2917254
775 120 2923728
805 371 2929999
708 267 2934941
732 430 2936198
596 547 2949411
602 552 2953278
420 82 2956258
675 7 2957426
808 488 2963438
602 496 2965662
983 616 2968390
265 1 2969060
428 66 2970017
842 410 2970806
907 183 2977497
861 471 2980875
422 24 2989516
900 549 2993960
904 223 3003476
900 46 3005956
914 405 3019782
380 321 3021340
309 103 3023980
559 178 3044940
644 300 3056456
437 82 3063041
845 40 3068116
849 802 3069068
709 432 3092995
899 874 3104103
699 327 3105661
877 590 3106121
948 25 3107356
714 342 3119694
859 352 3121343
211 78 3122635
775 286 3138948
952 23 3156037
663 363 3156140
930 655 3158042
504 108 3165824
975 762 3168824
965 33 3182994
607 248 3209656
831 734 3228806
553 193 3242785
318 130 3247777
956 317 3251907
660 299 3254634
925 6 3274278
782 721 3276942
726 596 3314013
508 81 3318186
909 71 3324558
942 921 3327147
377 124 3329599
663 53 3337320
630 87 3343049
959 671 3368042
656 579 3377298
395 124 3383262
245 216 3390484
583 549 3393277
769 715 3417386
407 49 3432378
561 103 3455220
824 376 3467875
898 417 3483932
192 173 3488205
872 128 3489130
956 487 3493102
848 50 3502295
722 138 3504869
647 92 3504983
510 51 3513683
702 301 3513805
941 889 3527370
774 768 3531849
420 375 3550778
535 111 3559233
912 629 3562061
926 794 3564212
431 213 3566188
905 163 3568781
927 455 3583969
104 1 3605916
102 72 3607774
996 735 3612211
823 25 3624756
815 543 3639912
368 221 3648664
912 474 3652015
858 105 3658980
931 826 3669957
964 147 3675286
585 13 3675793
803 114 3682280
503 183 3682414
604 366 3685402
196 51 3694661
980 412 3696548
891 322 3702979
319 290 3708758
744 641 3721039
966 325 3723941
476 350 3733137
942 598 3737631
999 742 3739457
315 140 3744166
522 15 3744920
596 310 3747660
626 528 3748936
236 8 3753605
813 685 3757126
415 196 3770338
793 607 3779115
884 317 3782246
652 345 3782697
835 819 3782953
690 2 3783809
933 785 3798999
435 223 3811974
160 123 3827659
580 464 3836900
988 940 3849605
837 521 3856131
939 413 3856586
551 308 3857604
744 222 3861571
566 109 3871982
540 342 3874208
706 382 3879190
923 688 3879955
669 106 3892608
980 272 3911806
253 91 3919967
820 282 3924537
789 505 3925528
664 429 3941379
247 171 3949964
588 57 3951865
716 527 3999970
835 660 4035495
562 525 4039005
833 742 4046880
578 207 4046896
344 254 4059140
477 90 4064874
527 59 4073650
905 707 4077315
852 52 4086783
996 118 4087702
272 266 4108181
794 285 4117276
745 632 4144501
512 77 4182127
975 738 4190494
606 110 4192849
511 507 4210373
592 162 4217474
358 212 4221117
766 568 4221680
673 670 4231621
747 41 4241846
937 188 4243293
519 127 4251197
385 346 4252436
214 81 4254281
415 355 4259172
911 569 4261174
731 491 4263778
844 30 4298242
917 730 4300305
779 492 4332044
484 476 4338585
944 85 4347420
896 889 4361922
874 103 4367981
622 60 4370893
677 451 4374877
637 402 4390681
514 475 4411865
239 151 4425982
721 159 4454427
998 478 4457080
848 798 4475327
554 549 4482129
152 18 4489120
713 269 4501041
316 128 4549656
226 31 4552101
788 620 4574948
784 292 4584329
841 231 4584773
301 10 4594034
521 313 4594132
690 579 4630156
261 260 4634040
897 349 4663238
898 682 4671035
759 10 4686181
506 482 4689663
449 230 4698734
223 118 4732286
981 1 4749817
937 12 4757144
685 412 4760767
636 303 4761628
851 262 4789471
745 672 4798783
570 28 4811660
768 739 4832166
294 251 4849579
443 128 4883696
978 942 4899198
509 20 4917659
951 871 4926536
915 115 4927125
209 53 4953845
746 421 4960377
902 22 4963724
521 284 4972822
326 6 4978882
741 703 5058533
556 97 5064049
755 617 5068530
955 168 5077120
491 11 5102229
811 70 5127774
409 144 5129045
340 53 5138540
439 241 5143822
363 335 5180474
818 730 5183446
546 256 5186340
311 21 5224106
828 537 5245357
961 919 5257688
367 219 5292601
673 158 5325621
705 136 5375058
560 157 5375664
681 51 5428960
843 347 5434050
549 69 5497656
707 256 5527320
422 320 5537084
990 816 5592460
573 156 5611886
589 422 5644066
612 100 5666706
524 180 5765808
830 581 5778042
990 591 5805938
836 337 5812027
973 10 5838115
97 44 5882056
698 99 5886714
614 525 5912426
574 198 5914215
955 43 5919229
341 157 5964051
659 382 6005639
246 121 6025935
628 323 6036517
506 478 6160267
712 562 6174384
858 393 6253106
876 692 6255632
970 875 6302786
682 80 6348101
856 597 6354868
294 242 6529379
704 255 6548194
650 136 6618963
52 5 6761926
381 255 6822353
323 196 6890927
351 57 7267932
662 86 7273917
465 414 7449976
983 806 7523922
717 187 8371620
379 263 8454725
424 201 8632447
679 87 8755363
683 642 8894264
643 581 8939624
830 79 9502392
867 98 9636606
938 695 10575899
846 83 10694037
916 17 10882400
903 450 10922939
500 75 11247952
791 790 11314408
950 796 11671837
980 621 13324402
719 258 16332109
134 131 16591315
