11328
747 419 0
590 371 0
812 423 0
515 362 0
434 279 0
506 79 0
227 55 0
414 185 0
385 381 0
652 567 0
828 575 0
578 342 0
796 707 0
592 409 0
923 215 0
730 485 0
907 867 0
106 1 0
421 204 0
496 361 0
578 62 0
567 176 0
743 193 0
715 124 0
847 596 0
816 553 0
564 82 0
958 867 0
711 174 0
946 188 0
976 637 0
687 649 0
956 940 0
434 430 0
216 13 0
241 200 0
924 273 0
912 648 0
963 77 0
983 684 0
555 281 0
510 202 0
585 395 0
685 482 0
874 653 0
105 59 0
555 186 1
380 203 1
560 476 1
884 132 1
925 817 1
768 26 1
418 314 1
958 378 1
907 10 1
395 231 1
981 38 1
679 388 1
666 84 1
826 344 1
804 521 1
613 395 1
959 342 1
838 499 1
711 405 1
975 343 1
958 66 1
253 58 1
179 48 1
669 343 1
884 500 1
844 28 1
976 89 1
477 419 1
933 722 1
569 144 1
984 130 1
509 114 1
746 340 1
847 124 1
616 398 1
221 12 1
351 22 1
907 779 1
819 112 1
381 23 1
735 146 1
750 105 1
939 334 1
730 421 1
899 336 1
580 113 1
682 16 1
903 262 1
667 90 1
916 241 1
235 70 1
709 336 2
764 582 2
82 52 2
263 89 2
879 866 2
608 152 2
73 63 2
386 341 2
215 164 2
681 67 2
447 67 2
385 293 2
95 83 2
683 503 2
879 233 2
898 585 2
281 143 2
984 388 2
172 124 2
737 286 2
873 704 2
758 0 2
670 476 2
690 154 2
904 427 2
723 664 2
730 389 2
346 185 2
862 639 2
866 830 2
832 384 2
560 5 2
449 8 2
409 12 2
954 943 2
101 20 2
190 55 2
994 18 2
763 507 2
793 61 2
924 584 2
885 730 2
196 166 2
907 741 2
883 310 2
712 421 2
891 764 2
787 508 2
828 490 2
942 66 2
611 129 2
961 188 2
628 97 2
955 183 2
858 53 3
743 467 3
435 53 3
293 56 3
591 178 3
588 416 3
283 219 3
837 495 3
697 662 3
769 568 3
951 820 3
888 792 3
356 276 3
268 26 3
856 337 3
868 361 3
143 50 3
876 826 3
494 112 3
978 832 3
394 200 3
547 320 3
753 523 3
198 127 3
922 894 3
654 252 3
521 153 3
410 168 3
635 474 3
688 3 3
855 34 3
995 3 3
733 16 3
980 512 3
755 114 3
92 9 3
972 80 3
838 30 3
909 146 3
892 437 3
676 423 3
303 275 3
732 490 3
15 6 3
982 911 3
683 269 3
551 202 3
860 671 3
929 455 3
191 89 3
896 62 3
499 344 3
866 845 3
485 342 4
901 742 4
481 441 4
515 368 4
757 725 4
892 332 4
859 729 4
721 151 4
913 119 4
894 740 4
541 421 4
730 168 4
806 328 4
865 698 4
958 573 4
751 431 4
807 98 4
558 157 4
763 694 4
171 114 4
414 234 4
343 190 4
563 331 4
960 173 4
739 508 4
865 201 4
433 262 4
966 331 4
711 686 4
847 297 4
685 398 4
827 137 4
849 80 4
913 525 4
433 185 4
471 371 4
265 222 4
894 316 4
238 34 4
862 150 4
698 136 4
921 499 4
410 140 4
572 569 4
388 248 4
976 237 4
850 397 4
990 69 4
415 65 4
968 16 4
378 94 4
242 35 4
910 243 4
785 237 4
404 355 4
993 518 4
704 111 4
790 727 4
795 208 4
908 545 4
935 202 4
577 215 4
973 243 4
129 86 4
809 305 4
753 386 4
671 456 4
772 718 5
743 268 5
767 190 5
707 273 5
364 254 5
136 71 5
525 15 5
800 25 5
945 328 5
883 73 5
497 408 5
416 46 5
886 217 5
262 238 5
651 34 5
979 340 5
809 740 5
857 779 5
991 170 5
628 315 5
590 574 5
488 243 5
951 502 5
980 132 5
805 301 5
626 72 5
437 148 5
484 84 5
676 307 5
357 65 5
357 101 5
647 236 5
455 405 5
735 680 5
805 736 5
909 471 5
967 700 5
659 3 5
506 81 5
904 338 5
758 65 5
354 70 5
568 164 5
237 38 5
855 742 5
739 315 5
787 439 5
505 226 5
779 473 5
767 189 5
737 290 5
926 865 5
868 680 5
648 74 5
711 403 6
940 160 6
445 324 6
853 469 6
755 225 6
727 512 6
997 82 6
844 49 6
873 77 6
571 232 6
938 593 6
909 343 6
905 92 6
554 35 6
442 176 6
645 68 6
890 852 6
755 658 6
639 546 6
851 479 6
793 357 6
996 192 6
762 405 6
501 319 6
854 487 6
722 280 6
891 336 6
643 386 6
448 327 6
155 124 6
876 257 6
548 68 6
46 43 6
608 424 6
641 407 6
587 576 6
954 122 6
498 390 6
509 222 6
900 340 6
876 615 6
284 2 6
986 498 6
422 194 6
890 378 6
982 926 6
753 585 6
941 162 6
776 291 6
645 451 6
406 42 6
990 351 6
780 681 6
596 393 7
578 292 7
251 250 7
806 557 7
530 3 7
455 60 7
690 560 7
838 760 7
417 21 7
381 272 7
584 486 7
966 47 7
674 284 7
733 484 7
931 600 7
264 165 7
974 814 7
384 95 7
855 450 7
978 583 7
666 116 7
672 636 7
655 121 7
513 34 7
355 268 7
993 209 7
722 88 7
623 394 7
804 687 7
831 102 7
743 58 7
744 579 7
995 375 7
466 374 7
903 779 8
160 143 8
340 306 8
100 31 8
590 180 8
562 146 8
473 217 8
981 606 8
949 868 8
845 150 8
758 631 8
781 576 8
763 79 8
633 6 8
318 120 8
676 244 8
768 689 8
635 589 8
883 292 8
484 68 8
331 192 8
401 352 8
943 485 8
608 88 8
280 140 8
544 388 8
490 196 8
374 239 8
601 117 8
921 307 8
754 388 8
934 880 8
887 337 8
657 145 8
638 502 8
569 112 8
500 238 8
824 654 8
376 275 8
800 496 8
928 711 8
969 367 8
927 330 8
992 46 8
868 661 8
520 257 8
583 413 8
279 148 8
667 87 8
945 803 8
492 251 8
358 123 8
337 110 8
809 612 9
494 373 9
805 47 9
990 171 9
331 88 9
684 26 9
722 431 9
430 210 9
297 133 9
533 394 9
841 411 9
348 141 9
166 97 9
644 289 9
807 502 9
870 7 9
607 105 9
516 506 9
979 499 9
439 90 9
418 170 9
971 813 9
671 581 9
89 82 9
443 94 9
934 302 9
401 66 9
688 647 9
207 181 9
859 144 9
714 186 9
748 527 9
278 212 9
949 34 9
476 315 9
374 98 9
912 121 9
324 183 9
990 347 9
217 141 9
211 193 9
958 678 9
798 404 9
409 133 9
952 185 9
450 243 9
679 22 9
944 293 9
927 177 10
298 186 10
965 496 10
781 23 10
498 478 10
745 94 10
862 530 10
633 270 10
742 360 10
826 251 10
976 274 10
968 602 10
364 90 10
206 187 10
488 261 10
398 274 10
804 326 10
623 351 10
506 86 10
724 647 10
548 285 10
925 277 10
432 212 10
869 166 10
489 127 10
455 141 10
532 290 10
920 515 10
903 775 10
882 731 10
887 341 10
869 85 10
808 501 10
524 411 10
277 82 10
346 299 10
754 129 10
168 157 10
508 17 10
941 71 10
923 616 10
697 104 10
803 72 10
142 137 10
362 55 10
795 296 10
38 11 10
847 507 10
703 301 10
943 117 11
759 138 11
855 19 11
784 553 11
595 249 11
950 864 11
963 403 11
735 318 11
652 578 11
906 177 11
332 265 11
283 34 11
601 211 11
940 121 11
899 704 11
650 600 11
853 519 11
938 792 11
563 11 11
794 399 11
971 260 11
354 171 11
740 170 11
446 62 11
686 254 11
646 55 11
388 98 11
562 411 11
372 276 11
738 673 11
875 866 11
474 172 11
933 35 11
326 157 11
726 474 11
693 497 11
660 329 11
791 539 11
839 344 11
752 698 11
305 5 11
499 111 11
598 136 11
906 238 11
872 657 11
605 574 11
165 133 11
847 687 11
848 274 11
916 594 11
928 375 12
380 188 12
881 101 12
539 167 12
627 398 12
779 24 12
552 455 12
893 23 12
961 307 12
297 42 12
570 10 12
311 74 12
276 234 12
236 109 12
673 115 12
845 770 12
377 126 12
591 306 12
447 342 12
483 311 12
666 449 12
888 281 12
501 236 12
306 114 12
662 380 12
751 416 12
832 729 12
680 106 12
594 93 12
220 164 12
554 527 12
744 426 13
640 307 13
950 553 13
536 357 13
772 743 13
153 23 13
705 187 13
940 229 13
999 54 13
859 584 13
927 802 13
474 138 13
519 183 13
882 621 13
537 417 13
862 528 13
723 419 13
943 835 13
971 920 13
245 48 13
491 259 13
744 28 13
504 335 13
476 358 13
499 386 13
849 449 13
865 120 13
570 4 13
747 207 13
905 477 13
962 219 13
894 436 13
759 531 13
531 412 13
303 140 13
934 30 13
663 655 13
740 396 13
788 329 13
161 99 13
390 354 13
371 161 13
529 496 13
426 30 13
449 291 14
960 812 14
302 291 14
743 472 14
207 7 14
603 263 14
742 384 14
695 105 14
942 7 14
450 50 14
950 31 14
334 280 14
684 525 14
621 538 14
998 885 14
763 415 14
232 194 14
830 786 14
716 132 14
41 32 14
771 320 14
788 157 14
685 255 14
543 495 14
618 236 14
524 295 14
68 33 14
666 214 14
749 143 14
719 239 14
860 298 14
936 340 14
820 657 14
627 32 14
535 330 15
830 630 15
458 387 15
170 39 15
328 164 15
754 135 15
756 30 15
415 266 15
262 115 15
672 500 15
952 837 15
713 270 15
350 280 15
622 618 15
874 762 15
973 197 15
566 77 15
627 597 15
705 613 15
821 606 15
967 702 15
674 508 15
838 725 15
822 644 15
945 701 15
969 552 15
782 449 15
624 531 15
890 580 15
722 420 15
929 550 15
964 493 15
829 472 15
482 75 15
883 542 15
139 83 16
978 908 16
789 590 16
392 323 16
851 539 16
655 534 16
853 779 16
480 452 16
932 739 16
916 642 16
938 339 16
818 452 16
931 910 16
461 9 16
850 423 16
430 304 16
902 101 16
858 204 16
746 96 16
150 27 16
471 128 16
955 391 16
617 481 16
802 526 16
324 271 16
54 50 16
289 62 17
754 377 17
763 127 17
621 235 17
877 429 17
462 238 17
813 425 17
387 213 17
370 227 17
702 683 17
840 511 17
551 459 17
897 893 17
386 335 17
709 226 17
864 710 17
846 248 17
957 222 17
842 717 17
463 286 17
831 10 17
997 766 17
614 15 17
402 86 17
341 296 17
871 869 17
789 78 18
918 89 18
641 352 18
513 408 18
638 290 18
695 546 18
863 210 18
823 91 18
911 392 18
985 274 18
691 273 18
777 660 18
989 812 18
974 737 18
185 118 18
635 399 18
836 374 18
633 349 18
491 379 18
508 205 19
786 308 19
950 689 19
617 198 19
914 71 19
366 197 19
854 832 19
224 102 19
665 489 19
850 717 19
834 821 19
771 718 19
827 621 19
895 369 19
609 123 19
894 131 19
988 803 19
438 133 19
321 231 19
551 251 20
365 37 20
922 823 20
500 457 20
468 115 20
908 464 20
815 222 20
345 70 20
213 57 20
458 149 20
343 245 20
514 398 20
677 213 20
877 262 20
654 642 20
547 493 20
634 528 20
874 259 20
800 428 21
896 45 21
938 904 21
336 282 21
769 387 21
428 247 21
517 14 21
906 184 21
156 30 21
930 489 21
840 668 21
595 225 21
763 400 21
944 675 21
708 591 21
917 557 21
509 317 21
390 258 22
728 61 22
556 257 22
491 333 22
610 602 22
542 76 22
799 693 22
947 840 22
737 228 22
843 113 22
603 182 22
191 107 22
653 288 22
720 186 22
269 60 22
371 246 23
944 454 23
452 423 23
472 300 23
226 103 23
400 64 23
962 147 23
195 123 23
840 536 23
841 51 24
933 322 24
961 895 24
309 124 24
841 810 24
791 111 24
522 104 25
692 170 25
518 13 25
422 372 25
811 541 25
977 571 25
359 150 26
448 108 26
656 387 26
833 20 26
737 470 26
987 593 26
303 209 26
134 10 27
861 650 27
750 223 27
982 889 27
617 559 27
750 159 27
721 672 27
827 797 27
699 86 27
828 801 27
313 126 28
604 466 28
755 325 28
819 363 28
903 14 29
688 417 29
489 18 29
975 778 29
240 3 29
586 333 29
582 565 29
455 287 29
911 108 29
186 175 29
586 440 30
763 761 30
696 46 30
865 256 30
455 365 31
961 625 31
797 278 31
764 444 32
891 632 33
501 44 33
592 294 33
734 106 33
460 224 33
392 353 34
523 36 34
619 95 35
382 354 35
465 125 36
825 429 36
883 465 36
882 169 36
599 344 36
230 37 36
774 452 36
620 606 36
963 706 37
453 353 37
868 29 37
532 312 38
953 296 38
985 267 39
970 148 39
989 765 40
937 814 41
773 457 42
561 502 42
783 328 43
788 158 43
548 199 43
654 163 45
919 59 45
484 40 46
549 214 47
475 61 48
832 540 52
218 66 52
823 383 53
629 459 65
915 587 80
948 548 89
878 873 95
