117128
716 609 0
910 597 0
428 319 0
597 488 1
509 505 1
959 520 1
909 139 1
637 3 1
994 252 1
932 5 2
767 548 2
776 606 2
699 189 2
802 278 2
675 429 2
378 305 2
726 3 2
865 129 3
601 600 4
923 523 4
913 318 4
507 239 4
806 137 4
871 655 4
294 102 4
822 96 4
419 195 5
689 118 6
734 642 6
654 561 7
939 576 7
292 276 8
931 857 8
600 136 8
937 184 8
701 637 8
863 515 8
580 208 8
853 798 8
688 280 8
541 396 8
361 24 9
558 171 9
825 235 10
958 34 10
98 21 10
848 521 10
64 54 10
660 645 11
861 450 11
695 570 11
600 267 11
419 131 12
874 498 12
811 686 12
811 338 12
859 332 13
705 664 13
426 266 13
874 816 14
169 59 14
937 593 14
967 98 14
372 147 14
624 219 15
820 79 16
507 77 16
709 655 17
346 28 17
547 43 17
513 215 17
864 305 17
128 1 17
253 60 18
982 660 18
177 10 18
331 122 18
682 46 18
375 85 19
802 148 19
683 26 19
711 86 19
872 406 20
800 431 20
848 472 20
935 852 20
391 91 20
655 460 20
764 483 21
473 241 21
658 615 21
639 313 21
985 535 21
295 213 21
469 45 21
895 479 21
604 394 21
583 441 22
824 124 22
418 401 23
614 80 23
541 203 23
621 596 23
854 40 23
758 63 23
587 334 24
969 513 24
572 543 24
913 721 24
948 149 25
960 3 25
914 229 25
763 357 25
740 311 25
663 561 26
751 561 26
529 222 26
581 341 26
575 563 26
748 423 26
208 86 26
956 587 27
755 545 27
937 250 27
340 201 27
893 91 27
908 183 27
724 711 27
697 560 27
727 221 27
900 276 27
180 60 28
531 75 28
762 685 28
881 34 28
296 153 28
663 124 28
17 3 28
955 407 28
199 165 28
337 267 28
868 41 29
232 197 29
831 19 29
157 18 29
36 30 29
824 525 30
597 269 30
215 72 30
876 60 30
639 588 30
671 478 30
924 587 30
771 108 30
905 548 30
596 55 31
526 155 31
929 323 31
892 825 32
721 688 32
461 109 32
207 112 33
305 97 33
938 105 33
796 692 33
376 370 33
258 167 33
659 470 33
887 685 34
991 989 34
398 390 34
907 897 34
937 546 34
907 770 35
721 364 35
778 247 35
842 640 35
979 727 35
832 560 35
449 425 35
967 567 35
959 803 36
939 913 36
866 91 36
597 483 36
613 338 36
791 32 37
968 486 37
571 371 37
985 806 37
320 293 38
140 7 38
715 436 38
776 412 38
611 15 39
503 458 39
427 414 39
976 607 39
511 77 39
519 266 39
698 43 40
560 9 40
513 485 40
440 157 40
844 312 40
192 118 40
445 230 40
350 182 41
726 171 41
648 286 41
598 232 41
506 101 42
434 73 42
553 478 42
952 574 42
970 589 42
796 108 42
949 479 42
567 473 43
347 198 43
871 733 43
898 60 44
779 7 44
723 215 44
733 623 44
654 71 44
334 38 44
492 143 44
794 6 44
715 572 45
662 557 45
282 102 45
943 562 47
152 128 47
388 173 47
639 21 47
689 680 48
685 271 48
603 285 48
519 281 48
852 436 49
203 201 49
868 412 49
492 406 50
814 604 50
748 28 50
689 328 50
777 767 50
587 46 50
697 6 51
848 759 51
556 185 51
575 284 51
854 74 51
744 252 52
263 197 52
988 314 52
997 123 52
957 283 52
510 338 52
715 704 53
497 96 53
818 396 53
562 9 54
642 18 54
969 136 54
361 137 54
912 680 54
220 6 54
976 140 55
946 105 55
204 70 55
384 45 56
690 667 56
930 51 56
273 127 56
990 688 56
358 279 57
813 646 57
920 608 57
983 148 57
643 25 58
930 716 58
473 148 58
692 16 58
677 452 58
859 797 58
581 568 59
825 295 59
648 433 59
62 2 59
878 161 59
331 10 59
549 487 59
942 463 59
699 630 60
450 12 60
955 6 60
952 153 61
945 13 61
789 286 61
943 55 61
777 273 61
709 646 61
624 284 61
497 19 62
740 72 62
898 412 62
777 143 62
862 95 62
681 211 62
201 64 62
628 474 62
876 567 62
736 87 62
957 897 62
676 646 63
554 111 63
783 696 63
722 33 63
720 320 63
979 680 63
790 612 63
521 23 63
989 135 63
579 95 64
390 106 64
784 306 64
516 123 64
441 147 65
951 889 65
909 324 65
417 123 65
883 15 65
501 104 65
716 291 65
779 143 65
843 654 65
704 617 66
900 465 66
708 97 66
388 265 66
739 18 66
989 854 66
782 687 66
722 212 66
529 321 67
436 143 67
279 82 67
746 405 67
938 196 67
136 86 67
778 389 68
629 131 68
918 781 68
893 744 68
436 62 68
996 494 68
570 187 68
749 610 68
241 153 68
628 605 69
799 449 69
593 332 69
361 85 69
198 160 69
803 9 69
518 217 70
760 571 70
934 487 70
796 483 71
922 903 71
712 205 71
755 442 71
281 133 71
891 437 72
367 3 72
463 213 72
648 640 72
842 23 72
749 29 72
605 71 72
239 99 72
765 621 72
904 791 73
596 10 73
928 402 73
589 132 74
704 691 74
941 652 74
968 569 74
667 591 74
589 157 74
949 374 75
631 570 75
494 238 75
612 393 75
619 617 76
882 394 76
754 600 76
872 190 76
988 542 76
625 494 77
380 298 77
942 473 77
862 501 78
848 769 78
993 51 78
687 341 78
803 83 78
563 502 78
540 85 78
829 575 78
696 675 78
884 405 78
943 398 79
524 442 79
258 209 79
865 601 79
172 86 79
560 241 79
938 819 79
261 75 79
898 626 80
545 123 80
295 24 80
902 71 80
406 27 81
368 236 81
458 30 81
994 912 81
468 222 81
960 793 82
700 157 82
385 241 82
484 97 82
795 538 82
693 523 82
867 70 82
195 154 83
302 27 83
581 49 83
803 492 83
433 56 83
299 221 83
828 487 83
819 561 83
596 429 83
455 277 84
669 58 84
737 477 84
133 113 84
497 494 84
811 75 84
599 336 85
467 402 85
822 313 85
587 298 85
993 928 85
358 119 86
865 736 86
619 511 86
817 760 86
979 460 86
690 144 86
622 485 86
622 517 87
540 346 87
606 525 87
407 203 87
847 428 87
762 335 87
627 600 87
763 734 88
380 366 88
661 364 88
573 422 88
114 38 88
986 606 88
471 96 89
805 663 89
780 559 90
791 708 90
530 460 90
324 60 91
905 799 91
988 520 91
873 580 91
976 974 91
834 688 91
982 348 91
522 431 91
921 815 92
325 149 92
595 541 92
730 575 92
722 497 92
588 584 92
75 8 92
653 307 92
343 312 93
418 222 93
852 80 93
789 127 93
984 787 93
754 99 93
982 345 94
863 289 94
965 674 94
697 687 94
638 76 94
258 47 94
899 107 94
998 502 94
976 329 95
811 232 95
992 657 95
516 375 95
776 207 96
755 356 96
964 58 96
999 604 97
232 226 97
864 197 97
634 355 97
305 91 97
833 688 97
937 454 97
897 797 98
912 28 98
907 750 98
630 411 99
881 302 99
552 48 99
546 387 99
668 192 99
743 231 99
785 480 100
77 22 100
916 455 100
826 795 100
858 537 101
792 32 101
776 76 101
463 453 102
901 317 102
623 219 102
763 302 102
630 31 102
944 683 103
758 187 103
340 268 103
405 354 103
492 310 104
344 184 106
471 35 106
363 216 106
880 741 107
793 15 107
745 79 107
150 94 107
930 178 108
523 66 108
851 280 108
255 148 108
319 245 108
908 273 108
512 270 109
657 471 109
457 261 109
931 749 109
190 161 109
692 153 109
953 620 109
284 82 109
934 628 110
514 84 110
826 708 110
281 74 110
422 49 111
85 68 111
226 131 111
911 37 111
948 661 111
849 302 111
732 348 111
318 251 111
269 245 112
664 217 112
876 534 112
460 173 112
217 150 113
171 31 114
522 53 114
400 182 114
512 220 115
312 95 115
608 151 115
695 186 115
661 597 115
179 63 115
820 218 116
947 487 116
932 395 116
659 190 116
455 323 117
497 308 117
937 32 117
435 168 117
756 332 117
938 401 118
705 69 118
422 373 118
571 319 119
964 633 119
799 778 119
984 847 120
633 117 120
146 48 120
905 248 120
174 87 121
910 297 121
571 411 121
520 141 121
997 915 121
347 269 122
982 10 122
602 47 122
934 731 122
746 351 123
507 166 123
742 97 123
850 476 123
866 685 123
400 383 123
914 66 124
606 117 124
165 89 124
238 61 125
812 257 125
859 104 125
869 31 125
877 706 125
569 200 126
591 487 126
758 149 127
429 217 127
334 317 127
975 562 127
917 400 128
482 51 128
667 223 128
42 26 128
323 261 128
478 388 128
362 158 129
410 52 129
557 422 129
298 57 129
583 204 130
814 681 130
337 65 130
562 426 131
857 383 132
515 46 132
861 691 132
428 101 132
848 315 132
663 38 133
589 327 133
196 26 135
317 121 135
765 599 135
876 870 136
405 232 136
237 54 136
504 351 136
326 251 136
810 395 138
875 802 139
352 65 139
603 0 140
510 175 140
928 672 140
287 21 140
975 227 140
929 808 141
986 725 143
446 224 143
708 475 143
331 14 143
624 376 144
958 224 144
751 649 144
835 829 144
995 474 145
720 163 145
905 698 145
953 582 146
698 394 147
412 142 147
567 152 147
429 30 147
846 142 148
906 755 148
620 477 148
814 254 149
874 102 150
723 414 150
612 571 150
524 381 150
799 761 150
280 274 151
743 23 151
937 210 151
394 256 151
601 259 151
752 639 151
823 794 151
931 751 151
850 632 152
683 403 152
435 83 152
329 73 153
737 393 153
787 193 153
838 478 154
914 145 154
950 312 154
930 669 155
850 724 155
446 20 155
889 664 155
940 768 156
860 202 157
963 250 157
899 702 157
641 72 158
660 431 158
847 349 158
894 658 159
466 136 159
841 250 159
980 407 160
528 369 160
452 382 160
896 396 160
903 419 160
176 76 160
320 83 161
634 550 161
623 498 161
938 703 162
921 892 162
971 580 163
438 36 163
556 526 163
591 84 163
898 134 163
773 636 164
439 124 166
384 49 166
858 753 166
835 242 166
493 128 166
710 642 167
403 37 168
538 170 169
947 89 169
812 435 169
871 164 169
564 293 170
166 120 170
916 78 170
602 102 171
715 707 171
961 891 172
684 434 173
541 528 173
428 288 173
566 502 174
579 275 174
837 554 175
455 116 175
920 226 175
896 717 175
635 227 176
953 665 176
532 46 177
643 220 178
585 233 178
629 578 179
291 262 179
956 774 180
523 351 180
911 678 180
485 234 180
951 276 180
340 244 181
858 701 182
443 20 183
619 355 184
702 418 184
356 110 184
821 402 186
725 11 186
464 10 187
565 317 187
785 278 187
663 552 187
706 513 188
886 590 189
823 44 189
551 354 190
844 111 190
801 514 190
506 214 190
636 632 190
404 356 191
786 194 191
423 368 191
861 712 191
940 716 194
100 2 194
836 634 194
934 491 194
932 723 195
800 508 196
455 93 196
784 98 198
382 340 198
719 390 198
840 338 199
747 125 199
954 225 200
261 206 200
630 216 201
890 651 201
586 82 201
632 362 202
644 51 202
843 204 202
210 90 202
621 67 203
647 150 203
626 52 204
885 425 204
945 771 207
658 595 207
516 437 207
934 462 210
723 577 210
444 301 211
204 39 212
808 592 213
501 155 214
857 496 214
807 491 214
772 363 215
651 537 215
501 156 215
330 96 215
202 44 216
839 145 216
983 360 217
230 90 217
553 490 218
954 47 219
718 543 220
978 509 220
941 447 220
264 21 221
364 109 221
920 194 222
191 67 223
679 120 223
314 246 223
856 754 224
919 220 225
421 365 225
939 594 225
456 158 226
527 167 227
827 320 228
804 439 228
183 125 228
830 267 229
585 5 230
968 526 230
775 601 230
188 145 231
893 735 233
661 162 234
853 544 238
684 650 238
937 307 238
809 568 239
845 220 239
834 728 239
648 409 240
523 509 240
814 322 241
505 92 242
392 135 244
262 159 244
333 107 244
401 300 244
919 243 245
842 339 245
379 128 245
976 757 246
982 249 247
803 285 248
936 493 248
432 388 248
966 570 249
895 220 249
741 336 250
918 351 251
121 50 252
517 397 252
965 673 255
987 717 258
674 546 258
432 218 258
711 386 258
706 365 262
489 96 264
886 115 268
833 459 269
402 359 270
962 278 271
696 500 271
701 181 271
321 290 273
890 888 274
941 46 283
850 555 284
729 399 286
780 15 291
670 41 292
444 397 293
520 448 295
707 115 301
431 413 301
911 304 301
728 126 306
838 169 308
788 452 311
933 664 311
451 299 312
853 694 312
558 272 314
956 499 316
666 240 320
616 474 320
461 103 323
399 326 324
924 415 324
850 713 326
887 342 326
954 430 326
696 408 328
926 789 329
539 425 329
730 88 329
866 138 335
536 472 337
714 452 337
618 42 344
542 377 345
973 467 346
977 717 351
590 416 351
303 61 355
910 855 357
544 269 357
130 70 367
479 240 369
927 821 376
972 445 381
926 316 382
981 413 385
495 3 388
879 76 399
944 533 404
940 925 407
436 424 412
353 140 416
920 481 416
789 420 428
297 81 431
656 229 476
766 67 492
796 228 515
309 151 578
738 252 585
260 98 686
810 4 745
