-1773460734
350 84 4789
838 387 6867
889 686 8672
861 612 14449
666 86 16283
483 159 16919
788 84 25362
939 240 27224
850 32 31210
923 698 35997
649 396 38838
949 767 50368
417 342 59282
892 384 70168
928 904 81978
145 13 91119
559 280 104536
791 535 106913
515 203 106931
913 449 109565
681 98 113536
755 662 129262
998 323 132952
495 108 136659
376 281 150019
484 393 163238
762 115 163776
908 70 171281
813 715 176650
596 7 177084
974 923 177353
987 681 177847
948 874 185448
816 154 194632
500 254 213467
595 183 232061
618 53 254741
725 601 259219
649 196 259794
546 128 262496
907 54 271246
634 284 276654
923 344 281552
999 833 289398
588 237 293287
461 444 301471
603 179 303738
752 188 304909
765 155 305245
961 217 306778
257 243 307085
670 262 307757
647 147 308981
935 96 316053
347 247 325422
313 20 325491
941 33 330248
414 360 331809
621 82 331897
939 264 334996
553 279 338631
965 4 343286
547 336 345712
464 249 351429
329 221 353951
793 634 357866
996 871 363544
669 382 375780
936 31 385797
227 149 387071
505 18 395495
474 371 399583
621 228 407874
635 459 408218
221 220 408885
732 711 411106
848 473 412037
896 663 415189
867 758 415393
678 70 416124
421 111 416451
570 509 419613
740 52 423279
475 305 429869
994 470 430198
860 712 436655
531 84 437231
524 311 445646
838 27 452064
338 196 452430
350 332 456620
854 611 458133
977 628 460013
719 35 460156
896 793 461769
946 401 467245
336 149 468127
993 91 470651
615 180 475078
157 122 481162
678 395 481610
128 25 483791
803 50 484709
344 193 485233
785 598 489991
817 86 500194
603 465 505903
496 390 506953
958 186 512965
647 282 515468
412 27 520883
895 143 521611
569 307 522725
629 521 522746
860 726 523846
961 130 525954
349 155 526578
375 123 526601
764 230 528965
938 689 533810
482 460 536292
903 149 549979
806 230 550075
993 65 560800
73 25 561750
254 132 567509
320 201 573164
763 298 575629
430 338 578845
982 823 581005
706 612 581651
962 540 582108
623 222 585685
178 136 585827
758 252 588928
551 75 590135
410 215 597284
605 188 602349
500 401 607149
62 18 607443
246 169 613273
90 22 616033
303 149 621120
991 724 622922
251 199 623924
884 20 631264
922 701 636308
789 153 636915
906 833 641940
720 405 646074
944 737 648163
852 286 649498
867 292 652216
933 143 666804
327 94 670074
804 482 670077
998 709 673688
754 116 676638
740 315 679624
451 383 680872
681 186 686660
421 402 687081
737 592 693047
875 769 708424
327 300 709702
984 80 711282
481 3 720848
389 190 723814
976 433 727612
591 470 731207
554 97 732427
945 163 736600
841 46 738117
716 603 740677
985 231 741429
687 591 763262
821 139 766038
666 132 772043
927 223 773042
715 544 778164
494 423 779275
765 450 780476
807 798 781121
299 141 782070
911 600 786314
816 688 787385
719 212 787790
938 271 795312
376 223 797591
580 149 798198
460 227 803673
297 179 804965
504 475 806965
440 284 818811
920 896 843307
835 435 850212
455 436 852422
569 424 856433
585 462 865766
187 130 866390
724 404 872310
439 45 880544
960 812 883087
332 192 887498
673 18 893577
586 152 895006
537 532 901615
590 228 905282
940 16 911974
201 41 920766
398 240 923355
703 87 924803
877 118 927886
961 359 928848
621 559 936248
985 310 942093
777 183 943040
821 213 945201
299 213 947861
372 213 949271
522 55 952941
848 193 953835
915 201 953946
17 10 959261
669 614 959687
174 61 959907
696 185 960873
491 1 961514
468 116 965578
547 145 965854
832 705 966576
878 137 974970
222 89 984052
177 135 988858
523 411 993804
884 210 994574
103 7 995774
840 10 999551
727 261 1002751
887 96 1012729
787 557 1013179
671 135 1017597
915 206 1019650
930 87 1021010
387 304 1025911
766 331 1031441
656 523 1032510
462 264 1032599
652 643 1043752
604 41 1044667
950 840 1044811
407 398 1045088
978 225 1046320
232 9 1050035
734 270 1063052
598 321 1065722
848 568 1071819
588 295 1083804
425 163 1084282
781 430 1090852
371 83 1092043
973 621 1099883
791 714 1100655
376 177 1103985
168 163 1109112
176 50 1123162
307 174 1130875
721 617 1136008
914 167 1137580
971 767 1140892
978 13 1150828
858 812 1157197
848 830 1157220
911 760 1161050
852 399 1162607
597 178 1164001
832 495 1165289
912 115 1168199
276 213 1168885
464 307 1169209
920 38 1174274
883 203 1182989
680 634 1183851
395 119 1184512
126 58 1192751
411 173 1200913
376 224 1206704
846 826 1211000
293 59 1217189
312 211 1221576
770 349 1225322
429 111 1231751
998 207 1232255
624 20 1233028
803 427 1236173
710 575 1249400
783 779 1250906
625 386 1253753
791 133 1255207
835 34 1262662
256 105 1263480
285 161 1266604
233 145 1266743
968 469 1271771
805 340 1272293
518 282 1279017
447 70 1279656
730 273 1279940
775 105 1287034
638 302 1295649
653 505 1303613
946 787 1312531
180 15 1326050
840 429 1334469
567 232 1334734
158 108 1341751
116 34 1343778
316 128 1344246
206 170 1352874
630 299 1353405
469 120 1355110
821 57 1359892
430 258 1363469
906 250 1364634
638 334 1369149
766 280 1378203
788 333 1380339
410 198 1381701
882 792 1397953
538 0 1398121
724 150 1398476
470 387 1407101
811 596 1413975
635 146 1417213
961 781 1417583
837 670 1420082
188 165 1424000
682 404 1426525
185 7 1428899
501 433 1430642
265 10 1434187
145 117 1436597
645 381 1438186
330 86 1439071
420 404 1439374
900 675 1448319
349 116 1458328
656 284 1468002
772 26 1469236
696 38 1469359
929 747 1472521
766 167 1475729
519 77 1477121
119 32 1477311
373 93 1491015
537 266 1493249
647 196 1495035
896 32 1501771
679 198 1505677
699 64 1516576
483 15 1520225
909 775 1521317
449 411 1524100
343 154 1528434
558 434 1531670
977 116 1546932
841 148 1550116
363 193 1564189
371 278 1565021
661 234 1566666
823 609 1574241
751 202 1580514
610 456 1591821
764 246 1592077
956 896 1592941
589 225 1594019
641 250 1594049
604 395 1595149
602 174 1601688
612 70 1603823
549 401 1605471
687 585 1609841
875 866 1625565
863 173 1625661
678 207 1627834
951 49 1629188
385 8 1634460
221 103 1636251
859 513 1649288
846 207 1659480
611 567 1667614
444 389 1668382
722 236 1671378
353 2 1675523
898 794 1679121
532 419 1680988
701 25 1685669
432 156 1685686
936 407 1687905
643 24 1692653
932 735 1697387
622 505 1701445
881 141 1703881
350 137 1713965
547 521 1718033
663 124 1720994
685 118 1730914
938 216 1736238
17 11 1746389
880 66 1751232
684 391 1751967
100 31 1762950
870 290 1764182
457 202 1764902
889 389 1765177
637 141 1768895
746 602 1774289
542 237 1786080
964 250 1790337
656 63 1790800
850 252 1794763
198 126 1810430
897 483 1811370
735 522 1812523
813 765 1822709
657 25 1825425
398 318 1825454
805 600 1826424
923 511 1834739
973 257 1838369
576 323 1844125
829 52 1845896
992 177 1850502
363 123 1851047
662 278 1871416
612 472 1881523
498 293 1883772
627 16 1889884
884 17 1894271
702 469 1895952
590 6 1897743
707 287 1900699
980 26 1900936
846 289 1902298
928 226 1907660
614 567 1908947
413 84 1909948
851 40 1931783
452 103 1932005
934 66 1935111
942 673 1940049
619 572 1945647
616 97 1948817
176 155 1949690
976 860 1952014
567 411 1959487
840 264 1959992
717 458 1961704
576 547 1964612
513 385 1973791
300 2 1975480
803 675 1979814
649 41 1980138
887 115 1981260
488 382 1987689
660 286 2000111
647 164 2002234
742 364 2011029
377 21 2013522
662 290 2016210
372 63 2018695
920 910 2021520
856 785 2023815
852 379 2030464
657 401 2034402
981 887 2046993
315 46 2047778
808 783 2050779
520 230 2052474
888 849 2056447
289 22 2059451
582 564 2059830
227 138 2067511
454 68 2075818
729 239 2080499
800 626 2081784
751 697 2085378
703 263 2086246
449 162 2088356
533 307 2093337
829 676 2098550
934 808 2101161
654 144 2103718
459 396 2105045
158 121 2108152
448 424 2114581
496 400 2114917
261 219 2128354
797 150 2128821
353 140 2135384
737 702 2136594
989 765 2137792
975 50 2139434
850 429 2141500
495 134 2146334
856 87 2148391
483 136 2151906
751 130 2154571
303 245 2161953
576 26 2168629
799 551 2174204
707 126 2180820
522 76 2180948
240 25 2194837
951 498 2196828
520 219 2196992
900 734 2197180
837 479 2203055
294 289 2204565
685 379 2210570
354 94 2221918
725 127 2223591
911 276 2234551
486 313 2237565
915 112 2239690
194 123 2240118
885 806 2247484
772 628 2247965
653 305 2248368
763 402 2249503
498 411 2257003
815 212 2257438
424 394 2258628
761 555 2260456
880 696 2267070
724 659 2270673
481 77 2274504
972 617 2278685
766 318 2281691
836 832 2286190
762 155 2286744
843 74 2296171
861 511 2296840
834 348 2305865
918 271 2310127
951 582 2313605
690 286 2316258
826 577 2318065
537 210 2323332
757 227 2326899
868 373 2328032
493 151 2330380
791 703 2331386
320 30 2337495
329 171 2345554
103 3 2346475
368 100 2347343
936 425 2356570
521 367 2360309
772 42 2360367
730 530 2363384
623 281 2365624
891 69 2381385
951 335 2385884
766 237 2388326
371 177 2391498
366 336 2392107
927 187 2392668
330 267 2392695
531 371 2411216
443 69 2412130
953 643 2416642
612 345 2416749
772 643 2419015
872 207 2419476
490 384 2428809
613 437 2434231
587 577 2443612
745 742 2457503
575 571 2458547
803 619 2465146
767 168 2465422
236 228 2466584
822 100 2471015
977 966 2473817
785 466 2476563
785 756 2479816
985 939 2480164
331 92 2486584
773 74 2489424
716 551 2489555
928 220 2504025
728 84 2506421
233 85 2512174
921 798 2519047
657 188 2530303
510 475 2536995
504 47 2545582
286 279 2554662
506 115 2567134
255 145 2570993
534 503 2578230
489 227 2579728
451 381 2580482
317 286 2583243
796 447 2585036
517 455 2603799
94 93 2609979
665 329 2621385
689 60 2622960
963 50 2625125
916 244 2626489
342 108 2631872
627 438 2646846
827 813 2648100
428 221 2651492
621 566 2652392
775 486 2662869
553 142 2667350
466 225 2670234
658 185 2676192
863 845 2691805
950 849 2692472
634 272 2693313
674 114 2696548
569 284 2699787
938 815 2707651
771 275 2712293
443 428 2714401
472 51 2720526
716 599 2721608
919 646 2725555
582 152 2729295
616 40 2732657
983 788 2735036
947 485 2736286
633 144 2738991
996 924 2745181
644 367 2749144
913 362 2757611
383 145 2759675
950 541 2761275
617 115 2761406
998 343 2766792
859 635 2766852
927 735 2767596
891 631 2770607
228 166 2776798
902 620 2781721
540 299 2781813
458 446 2783209
825 432 2794041
557 393 2807710
951 558 2810646
728 552 2815519
38 23 2830183
939 248 2837881
672 461 2843188
786 53 2844973
913 682 2846521
610 217 2846666
244 101 2847253
986 766 2852118
401 357 2857835
725 188 2863063
606 340 2865341
79 71 2882591
979 491 2886351
211 155 2887117
495 239 2888258
621 97 2896559
985 215 2904602
720 427 2905470
680 490 2908880
530 467 2931775
651 162 2933797
942 148 2939811
601 461 2945687
742 325 2948803
789 343 2951953
199 87 2954200
322 77 2954432
812 595 2969064
595 77 2969201
967 727 2980817
893 662 2985836
940 615 3006044
792 119 3008071
484 189 3008536
603 321 3012357
953 342 3014184
405 259 3018452
491 435 3043969
745 20 3045620
991 786 3046986
494 299 3047607
475 251 3049088
872 436 3056540
828 133 3061958
250 222 3063018
771 65 3075232
917 272 3075674
831 74 3076228
920 99 3081805
529 204 3088703
254 109 3089631
578 298 3103542
274 189 3129765
923 778 3131488
931 808 3131881
628 392 3140475
575 66 3142150
69 48 3148913
731 4 3150835
882 516 3157828
144 95 3166357
550 402 3191439
795 145 3197706
722 306 3200854
952 528 3210357
565 110 3218118
512 114 3220828
840 78 3222038
821 668 3231295
35 0 3231990
677 7 3232466
955 32 3238182
409 215 3249741
912 216 3249744
874 55 3259003
939 842 3260395
729 539 3260428
607 375 3261328
843 761 3284824
868 508 3290308
373 114 3295991
245 91 3296768
809 158 3303859
693 646 3306822
984 624 3312102
507 403 3316547
718 540 3320274
898 516 3337450
866 448 3344070
738 292 3344087
833 502 3349175
619 356 3350691
531 399 3353336
727 66 3363307
865 525 3366067
871 591 3375255
999 902 3382068
638 96 3399127
750 266 3404203
667 461 3405800
469 274 3418205
471 117 3419424
670 318 3429129
482 129 3440301
892 527 3442717
214 49 3442765
693 177 3443206
184 82 3444886
181 154 3445523
331 175 3448386
855 179 3457722
695 47 3459069
925 467 3484896
339 14 3499627
831 96 3503065
54 2 3511827
352 79 3512445
204 176 3513629
277 31 3514624
485 68 3525953
615 160 3532475
696 609 3538586
144 78 3551253
573 140 3557221
500 341 3569208
309 153 3573150
509 281 3578225
713 92 3587993
208 144 3597040
814 298 3609569
494 388 3623717
729 370 3629484
984 493 3640102
947 762 3643709
367 64 3651902
524 267 3666839
499 150 3690678
852 386 3701470
538 79 3704138
743 466 3705839
328 99 3709319
974 632 3709710
862 244 3714417
824 480 3717968
921 340 3718965
621 242 3727211
932 739 3728341
841 354 3732293
358 329 3750560
612 438 3750733
719 288 3761524
747 675 3766337
517 477 3812023
639 461 3821191
561 197 3838097
866 515 3848851
732 348 3854625
365 358 3913069
753 420 3913397
782 335 3919452
892 717 3929459
801 134 3932937
820 233 3945063
476 120 3953583
567 445 3985073
915 732 3990764
959 948 3993222
418 250 4009686
497 449 4018930
624 594 4044841
292 244 4057190
934 748 4061986
938 661 4063000
941 626 4084313
768 412 4086926
876 101 4104926
432 142 4127147
751 583 4157464
370 107 4166242
507 356 4168957
441 290 4173041
988 87 4199288
684 494 4232405
894 893 4238246
733 471 4315743
613 469 4328692
927 200 4329578
969 578 4342603
156 81 4347287
429 143 4351941
172 44 4352907
596 548 4359794
705 528 4378841
976 360 4404254
983 296 4413449
925 63 4434456
636 134 4441433
519 496 4448252
638 39 4467501
764 260 4489709
569 205 4491863
987 344 4492739
442 102 4518260
519 19 4554573
514 304 4560712
726 677 4563427
235 153 4579827
938 692 4596810
426 354 4616035
759 509 4621123
958 291 4626153
250 14 4628565
972 683 4633246
581 421 4651393
257 37 4652496
708 498 4655129
695 209 4676218
746 741 4678632
818 673 4678742
977 439 4693815
740 579 4698966
705 431 4704183
896 487 4724437
478 436 4733395
654 565 4735341
392 238 4741618
377 171 4742288
903 593 4749906
965 587 4757835
503 105 4765338
416 226 4774235
996 337 4777688
229 92 4791787
853 572 4798148
607 67 4811630
886 378 4854883
857 201 4880817
112 56 4905095
167 72 4955005
962 269 5056869
445 28 5060054
545 160 5064197
981 780 5146185
835 319 5162395
464 88 5189067
936 283 5203670
648 145 5228350
990 107 5257315
530 301 5378702
950 864 5398895
980 562 5401111
844 37 5407012
289 285 5418511
404 361 5424282
873 467 5425175
700 507 5442853
258 131 5472394
726 704 5479546
774 567 5512952
642 511 5521317
422 100 5523182
560 273 5524489
692 626 5531358
453 68 5561935
664 597 5570011
640 596 5573213
943 531 5592148
839 317 5614822
546 463 5643870
574 253 5655299
749 425 5659322
218 108 5677237
218 5 5719431
608 349 5727758
655 249 5728805
272 113 5740229
790 410 5741164
954 326 5744449
911 182 5770389
582 104 5784505
470 369 5798523
995 717 5835702
819 331 5851507
526 235 5887187
905 24 5899643
896 886 5932606
684 191 5966889
879 611 6022968
965 415 6033985
941 901 6035473
312 44 6052548
484 380 6061596
970 806 6085986
914 556 6168759
157 52 6199427
416 374 6272256
807 561 6296884
785 525 6302252
890 317 6336907
697 408 6350752
468 347 6360963
903 268 6438254
308 169 6497996
588 346 6567098
867 406 6597659
836 397 6601501
877 776 6639227
723 51 6676250
869 814 6707474
536 399 7120152
637 106 7144311
775 29 7178265
213 125 7259541
852 802 7282689
679 574 7297010
911 650 7329422
370 102 7339238
738 326 7421238
314 151 7578020
937 816 7599570
369 36 7659261
784 432 7743030
378 195 8211423
672 563 8281260
736 428 8414835
64 12 8549999
926 558 8625736
957 837 8670757
251 43 8690996
788 355 8698172
606 492 8934795
954 694 9209182
810 32 9636290
691 549 9796934
351 143 9802435
744 83 9953258
864 584 9962181
899 441 10250222
471 241 10572225
982 543 11623491
997 748 11742608
824 640 11830172
847 402 13988217
324 255 14119726
