12427681
164 73 11
916 696 80
802 382 99
549 20 129
481 409 131
946 448 145
196 177 216
175 154 218
692 658 247
217 84 256
884 30 275
797 651 298
959 686 299
929 530 307
510 332 345
581 117 374
183 142 429
902 438 463
870 84 468
761 518 479
920 473 505
887 217 517
737 94 547
514 343 551
932 191 615
221 124 626
917 81 656
931 586 669
631 272 677
292 123 725
189 96 728
941 202 735
638 611 797
802 411 823
874 405 838
302 109 844
846 262 869
778 385 879
841 281 889
819 386 890
926 294 902
637 52 946
730 634 963
615 478 973
713 123 987
697 646 994
831 724 1007
706 583 1020
125 31 1043
423 118 1070
496 424 1076
912 663 1084
667 187 1136
157 8 1141
677 652 1188
812 657 1198
980 199 1212
398 18 1219
352 184 1246
998 733 1256
957 558 1302
729 207 1312
732 647 1317
570 75 1337
730 123 1354
568 411 1357
970 936 1402
491 303 1413
564 401 1476
709 667 1521
643 555 1544
723 654 1553
486 448 1559
811 278 1603
920 906 1635
583 453 1637
857 741 1648
934 630 1661
623 237 1665
535 180 1687
895 458 1692
919 853 1708
314 247 1726
647 272 1727
762 575 1784
727 61 1784
525 424 1811
503 193 1824
504 468 1850
902 545 1866
725 72 1867
723 145 1888
812 499 1903
416 350 1905
310 241 1941
808 111 1973
986 428 1978
658 486 1999
695 85 2024
553 129 2092
185 173 2120
928 554 2130
332 158 2153
806 735 2172
586 393 2176
734 634 2186
901 53 2196
554 403 2247
757 310 2251
634 308 2264
740 248 2281
753 411 2283
472 124 2288
721 81 2307
427 56 2357
902 475 2360
526 26 2363
988 671 2402
615 39 2409
430 410 2411
789 566 2428
265 15 2463
940 245 2487
765 90 2491
398 196 2492
504 229 2514
734 276 2536
924 449 2555
487 73 2574
753 622 2610
751 705 2611
853 206 2625
525 183 2633
867 803 2671
807 546 2675
985 153 2677
876 674 2679
615 246 2690
751 556 2731
989 828 2743
74 56 2758
430 393 2761
691 348 2766
958 330 2768
580 309 2799
619 551 2805
407 322 2832
903 871 2858
567 78 2958
939 298 2975
903 689 2982
764 132 3001
728 424 3067
993 493 3136
922 911 3145
445 416 3162
344 343 3178
985 330 3189
234 148 3228
336 93 3237
664 549 3261
394 295 3282
509 78 3302
481 332 3308
693 409 3342
912 601 3345
969 61 3390
735 182 3394
479 190 3424
959 61 3433
900 244 3454
836 373 3464
724 256 3479
706 210 3494
975 183 3522
578 349 3542
482 199 3551
667 381 3554
703 301 3570
601 27 3603
704 603 3605
960 508 3628
86 78 3653
480 294 3679
752 268 3697
683 320 3713
668 412 3815
995 365 3829
377 341 3902
622 513 3906
764 614 3929
593 592 3934
414 234 3989
796 333 4002
595 304 4018
954 452 4060
911 653 4082
889 378 4118
227 169 4169
964 325 4170
959 458 4196
919 756 4210
821 713 4224
925 442 4239
655 143 4262
859 624 4291
837 621 4292
970 328 4303
919 531 4305
789 643 4307
940 376 4335
120 38 4361
787 272 4364
893 572 4394
429 314 4398
822 238 4436
872 559 4447
592 74 4448
957 946 4573
182 57 4575
820 704 4615
489 143 4626
642 113 4704
820 712 4723
779 505 4744
499 403 4746
807 137 4754
827 570 4770
285 80 4775
561 276 4782
870 19 4799
476 99 4841
532 428 4843
577 373 4870
513 488 4871
400 89 4882
362 165 4883
556 365 4925
956 400 4936
756 700 4946
655 408 4974
819 564 4980
239 31 5003
429 159 5011
900 842 5067
970 347 5079
907 905 5105
510 311 5119
844 276 5148
578 461 5188
759 576 5196
360 71 5208
318 56 5225
432 316 5269
837 113 5296
634 33 5330
540 431 5339
993 741 5355
236 54 5377
808 700 5382
890 446 5390
479 97 5418
400 189 5419
691 291 5420
984 94 5427
440 38 5429
484 460 5432
349 191 5457
963 340 5462
442 174 5468
583 65 5494
784 428 5507
924 893 5530
920 93 5546
895 637 5548
372 137 5558
737 23 5562
365 144 5574
332 282 5586
779 449 5595
325 109 5622
839 553 5663
36 32 5664
858 342 5677
504 403 5716
818 665 5838
328 254 5950
230 146 5958
825 441 5961
803 158 5963
815 431 6003
933 916 6011
574 314 6016
493 87 6113
588 446 6116
674 78 6149
589 327 6172
747 698 6183
358 236 6204
636 449 6234
750 84 6259
588 155 6261
811 687 6299
366 109 6321
670 218 6352
672 405 6367
629 259 6407
815 750 6421
747 230 6423
462 399 6433
706 416 6445
294 204 6446
233 171 6489
444 408 6528
416 175 6535
203 53 6539
764 144 6558
870 100 6562
361 144 6573
394 88 6574
877 108 6595
946 757 6596
638 543 6597
860 202 6643
910 143 6649
695 186 6654
529 230 6655
941 624 6662
611 414 6689
444 380 6693
545 283 6698
984 389 6706
822 308 6735
733 666 6736
770 189 6744
539 166 6755
263 249 6771
664 517 6775
347 51 6776
494 280 6781
634 252 6820
554 109 6933
976 338 6954
249 89 6972
821 400 6986
999 594 7068
100 68 7084
419 237 7117
758 374 7120
72 16 7123
549 160 7129
871 846 7174
821 532 7191
954 650 7213
219 11 7216
948 674 7279
905 763 7369
904 369 7380
449 366 7387
684 15 7412
974 55 7414
555 365 7445
834 357 7478
940 488 7488
892 788 7502
629 446 7509
493 445 7522
827 422 7536
870 120 7578
659 299 7579
849 657 7597
214 55 7599
856 560 7602
544 394 7609
730 422 7616
600 340 7626
980 370 7670
435 362 7709
377 272 7716
909 844 7758
561 507 7781
980 688 7796
502 73 7814
699 559 7816
712 485 7819
975 576 7902
780 209 7918
712 618 7922
485 409 8026
584 23 8100
972 377 8105
823 273 8126
892 42 8126
987 93 8217
918 273 8225
804 581 8248
513 104 8286
697 507 8287
738 309 8292
439 370 8328
825 693 8375
988 958 8393
860 162 8421
921 473 8432
354 178 8468
571 414 8471
666 469 8480
217 198 8535
734 245 8570
678 388 8589
270 125 8609
563 371 8611
834 616 8643
659 366 8658
842 428 8660
668 6 8698
869 831 8708
651 506 8728
540 353 8751
632 346 8758
519 472 8762
587 166 8771
902 414 8788
995 732 8790
957 506 8790
776 549 8797
965 477 8798
926 55 8805
849 305 8825
636 132 8849
763 473 8868
851 432 8889
458 329 8914
480 101 8953
460 403 9036
299 75 9077
611 605 9078
192 39 9080
758 306 9097
959 769 9122
881 353 9156
948 690 9161
329 48 9173
728 399 9240
646 480 9282
711 370 9347
620 453 9379
635 362 9384
777 362 9389
704 239 9403
312 214 9425
650 215 9433
736 452 9445
851 257 9501
462 397 9504
422 250 9526
845 286 9537
390 203 9579
927 286 9582
962 398 9621
558 323 9632
678 363 9635
793 408 9636
969 195 9702
793 39 9707
968 419 9710
885 57 9726
667 305 9727
789 47 9737
669 530 9753
273 21 9765
477 456 9765
45 18 9814
893 496 9816
477 157 9821
414 392 9841
894 212 9856
867 486 9933
284 200 9934
912 215 9956
563 265 10006
430 388 10019
330 210 10036
344 123 10041
769 621 10102
726 368 10112
973 29 10134
824 459 10161
673 24 10173
376 20 10184
644 580 10184
185 71 10203
452 291 10232
413 196 10234
644 479 10237
571 554 10268
877 328 10281
683 208 10354
438 90 10356
615 261 10390
676 496 10401
642 500 10425
750 665 10447
454 227 10455
975 378 10479
191 96 10488
662 642 10489
612 377 10507
976 205 10519
552 132 10555
607 468 10569
697 663 10576
859 45 10578
362 72 10607
602 375 10634
637 415 10635
836 262 10661
270 252 10666
741 462 10670
432 313 10705
898 146 10708
85 40 10734
754 670 10805
847 516 10815
246 153 10822
754 452 10859
363 302 10870
661 260 10871
715 519 10873
795 533 10916
652 224 10922
698 676 10938
960 952 10940
985 387 10951
276 172 10975
856 575 10979
772 162 11011
673 18 11019
781 303 11029
492 225 11051
964 339 11068
427 164 11088
352 151 11105
775 92 11105
645 506 11190
652 164 11206
617 188 11211
812 644 11214
978 599 11229
131 85 11236
703 438 11237
521 161 11251
731 536 11288
829 656 11294
531 435 11324
829 307 11343
640 89 11344
874 483 11461
632 347 11474
596 185 11475
684 561 11483
627 141 11484
992 946 11485
593 470 11518
822 237 11544
380 202 11545
293 126 11568
505 46 11618
596 288 11621
556 41 11635
770 268 11660
828 29 11663
313 55 11673
573 559 11680
549 289 11717
805 631 11740
337 174 11761
755 551 11792
930 396 11853
778 761 11855
839 547 11859
845 682 11953
816 480 11958
755 246 11961
218 59 12018
749 642 12026
967 570 12044
931 72 12059
884 333 12145
564 400 12174
939 413 12210
972 550 12261
872 260 12276
392 275 12278
753 739 12288
793 57 12325
476 385 12341
892 242 12349
805 642 12359
744 79 12383
724 555 12387
460 436 12438
846 468 12455
427 50 12477
853 164 12482
986 85 12497
403 79 12524
971 616 12535
953 716 12539
443 384 12549
233 122 12573
800 517 12578
430 337 12587
554 77 12617
241 42 12631
887 160 12634
422 106 12664
22 13 12668
452 340 12669
920 108 12727
142 22 12736
328 278 12752
575 278 12790
987 380 12825
523 492 12845
962 790 12845
490 191 12911
274 158 12967
815 680 12987
233 117 13018
780 226 13060
597 27 13110
956 205 13139
536 357 13141
504 286 13183
171 114 13232
896 278 13244
423 332 13263
456 146 13266
769 701 13291
990 271 13294
255 238 13308
978 858 13332
343 334 13347
265 64 13399
514 94 13444
125 63 13449
726 713 13457
787 503 13470
183 163 13474
848 184 13600
828 19 13605
879 19 13631
541 64 13642
893 156 13733
771 16 13740
876 277 13743
222 219 13762
974 683 13763
699 197 13790
760 712 13813
985 34 13897
907 798 13907
999 941 13908
955 14 13994
649 222 13998
530 513 14026
702 276 14080
922 709 14123
599 141 14180
977 74 14221
710 241 14236
972 194 14245
629 47 14300
596 272 14340
716 523 14340
862 222 14371
537 404 14440
957 589 14444
713 355 14472
248 68 14484
939 539 14582
535 195 14630
438 243 14632
823 337 14680
799 735 14695
732 105 14786
495 134 14787
694 534 14787
913 153 14834
519 277 14888
666 221 14917
679 434 15020
785 372 15063
602 329 15093
963 930 15113
721 372 15148
447 132 15175
326 74 15176
405 133 15186
854 520 15198
680 307 15269
852 210 15340
468 219 15342
916 79 15364
704 471 15366
627 235 15386
950 10 15394
673 6 15415
801 360 15431
542 168 15470
955 590 15502
768 711 15534
476 216 15554
876 326 15570
814 619 15582
925 223 15650
979 901 15754
644 303 15780
359 185 15830
303 134 15838
949 502 15839
378 227 15876
820 768 15877
850 368 15892
562 475 15901
702 459 15943
944 909 16019
742 235 16036
297 260 16039
236 49 16070
714 45 16107
411 53 16248
420 105 16289
441 379 16334
443 401 16337
543 279 16359
786 487 16367
899 148 16421
478 345 16422
710 512 16453
392 304 16478
919 49 16546
842 565 16550
942 493 16552
798 369 16581
834 644 16603
864 147 16660
356 81 16692
296 80 16772
321 178 16833
722 549 16866
998 966 16898
972 720 16905
808 151 16929
526 33 16932
951 767 16954
901 247 16996
943 625 16997
816 140 17001
935 874 17021
480 3 17131
679 286 17139
750 43 17223
865 662 17235
627 542 17251
375 37 17283
602 528 17451
298 232 17538
697 0 17642
670 625 17665
599 172 17667
897 806 17719
516 39 17729
291 271 17833
758 414 17856
508 12 17916
680 333 17917
755 69 17978
864 245 18069
376 117 18270
655 319 18275
985 868 18310
534 343 18425
524 53 18427
879 873 18430
718 627 18535
891 580 18618
622 231 18621
390 287 18642
793 748 18644
676 119 18661
841 262 18670
476 337 18676
743 605 18740
782 164 18779
230 92 18807
607 474 18856
729 114 18864
156 76 18875
573 256 18924
926 774 18989
285 196 18999
657 83 19000
791 336 19042
407 327 19064
795 281 19071
872 290 19092
494 33 19146
861 239 19200
542 293 19221
746 42 19245
801 10 19444
723 698 19509
496 136 19594
694 608 19672
609 308 19695
797 9 19721
527 195 19782
703 466 19855
793 112 19875
782 598 19879
909 685 19919
210 7 20001
553 261 20106
479 269 20107
931 225 20116
220 64 20183
931 681 20191
538 344 20193
228 71 20206
316 152 20225
509 417 20277
921 840 20295
521 506 20329
834 181 20343
874 313 20419
200 6 20444
569 226 20470
508 79 20553
211 128 20553
576 498 20577
857 406 20609
548 325 20723
666 457 20744
780 117 20983
178 84 21014
853 324 21086
520 158 21186
266 91 21265
905 102 21324
403 66 21419
937 648 21505
849 14 21602
450 186 21672
930 875 21673
540 127 21823
215 128 22146
968 103 22352
792 443 22391
220 167 22476
888 121 22527
983 891 22558
613 476 22621
501 372 22689
484 391 22756
917 230 22939
994 814 22978
657 591 23069
965 404 23084
853 60 23086
934 888 23316
633 43 23323
757 675 23461
886 589 23487
621 150 23639
917 843 23698
997 647 23709
767 298 23788
266 227 23922
938 537 24091
479 58 24130
664 135 24272
826 661 24355
161 2 24356
584 394 24361
463 69 24656
648 170 24729
987 628 24790
177 149 24848
588 5 24993
743 251 25039
625 515 25093
990 115 25144
910 95 25187
737 110 25322
959 606 25337
497 253 25424
268 130 25516
999 908 25543
497 263 25786
933 170 25789
894 545 25859
838 602 25909
947 926 25970
223 36 26059
942 835 26134
801 707 26384
998 817 26426
831 660 26557
880 146 26758
660 317 26797
151 139 26886
713 617 26969
961 392 27007
769 28 27104
553 464 27263
290 201 27438
881 107 28004
919 626 28033
465 456 28089
830 598 28273
433 344 28420
923 106 28432
833 754 28523
822 364 28626
271 213 28720
708 115 28760
741 267 28862
576 467 28920
749 315 29056
314 264 29300
888 84 29528
609 522 29529
850 67 29752
794 742 29815
67 35 29982
695 641 30070
477 98 30191
912 240 30252
971 882 30254
530 300 30290
768 138 30624
809 419 30739
783 716 30936
494 455 31046
988 883 32019
745 361 32280
826 437 32579
857 1 32724
426 279 32753
945 927 32860
331 147 33537
123 70 33637
639 546 33956
43 25 34023
395 278 34489
908 610 34576
604 512 34615
810 199 34690
335 16 35136
480 383 35162
402 275 35181
529 62 35231
960 773 35463
766 363 35825
866 466 35933
733 717 36171
642 579 36328
878 555 36618
982 922 37167
542 451 37326
574 367 37633
832 298 38497
425 264 38654
242 4 38774
955 418 39770
863 748 39999
743 116 40325
585 293 40544
479 176 40879
914 128 42007
62 17 42403
82 40 42673
569 179 45510
996 829 46412
915 98 46668
719 87 46700
351 132 48086
580 511 49080
992 421 49737
193 44 53234
855 166 54680
690 557 56474
582 337 57004
981 262 57939
307 258 59295
991 518 60702
813 537 68450
