-1664698944
890 210 718
417 213 2754
622 408 7863
373 274 9962
501 84 19126
959 750 20704
896 136 22981
256 142 28860
586 436 30929
169 146 31687
616 366 38309
828 209 38368
328 291 40949
187 94 45259
686 313 50961
480 264 52290
958 483 55535
338 125 67116
492 372 99628
630 492 99857
961 397 111170
376 15 112597
201 44 120615
831 343 121741
626 445 124654
730 191 128704
380 191 132171
581 279 138592
291 262 152941
761 169 159028
880 469 165049
497 407 167381
496 144 169840
968 678 170587
317 198 180499
79 18 186183
618 512 189936
722 401 192377
803 197 201900
949 707 206678
737 403 209756
957 358 213665
746 213 223508
411 124 223807
730 332 226849
991 101 236031
548 230 237338
682 564 242438
594 398 245131
687 7 251137
889 797 251473
370 108 261160
597 284 261781
676 500 263460
392 241 263652
573 434 264516
854 184 265470
917 444 267775
800 148 269950
617 146 273487
785 152 276451
150 15 277155
702 584 282999
638 172 283413
674 285 285790
980 458 286165
448 201 289778
866 255 292535
600 248 301540
962 940 306165
415 170 306242
319 87 307367
909 367 312339
940 867 312531
918 499 313940
910 458 322562
893 467 322679
925 906 323833
254 164 324745
374 48 336288
917 393 339281
218 16 340357
861 186 343227
794 474 347922
541 210 351782
468 175 355702
627 604 361360
566 390 374768
633 76 381399
434 270 384762
696 309 390452
898 663 393784
492 269 394842
197 176 395237
989 431 401469
310 286 409552
831 604 412168
783 186 433155
860 778 435730
891 487 443242
627 587 444525
403 96 448988
354 31 452724
791 565 464305
881 451 470052
241 74 478897
702 123 479861
772 126 481400
559 212 484726
973 448 485890
547 135 487030
313 286 492685
691 339 496983
441 368 502512
591 140 504510
840 648 519719
882 172 532275
873 492 538439
879 329 540289
488 9 542326
424 229 542350
519 205 542988
830 363 551644
873 506 557929
778 577 560596
701 26 571539
931 789 582615
786 257 587759
678 463 591329
982 232 599803
857 77 601840
441 58 607623
868 418 609851
434 27 611067
691 242 615288
685 296 615377
945 795 622123
808 516 624331
845 284 625231
459 42 631880
387 370 631962
912 432 634634
735 396 640999
433 313 642037
730 426 645193
631 108 649575
870 276 653465
832 57 658721
794 698 663310
543 130 665097
526 213 678708
621 261 691029
971 28 692193
766 429 698252
562 58 700881
746 123 707753
692 632 712656
795 68 712786
814 576 713615
822 571 732047
959 309 732328
803 713 740711
238 149 743725
593 366 745116
656 226 758367
963 751 771835
643 179 775835
447 396 776672
957 886 779879
746 736 787087
808 566 798708
797 279 799710
374 254 799889
250 58 816462
774 63 821333
626 198 825037
376 213 828664
910 454 832676
399 346 835786
686 602 838853
706 167 840672
630 448 846434
984 473 848060
870 211 852438
631 599 863277
736 492 863395
864 261 866033
681 20 885281
712 559 888909
942 12 896443
496 131 899347
816 533 899451
831 379 899677
608 142 903798
349 222 908305
503 433 920492
706 370 922311
339 144 923636
471 125 924336
696 266 928888
719 424 939439
909 175 943287
916 848 953113
781 438 958319
669 217 960995
872 842 962773
300 185 963617
494 238 967094
654 363 967502
162 22 971632
644 640 972318
285 175 976353
464 137 978904
897 334 983418
966 41 985128
756 580 985506
250 30 990922
691 536 1001057
818 787 1001081
371 70 1003452
747 150 1005649
638 316 1007190
324 214 1010468
569 437 1013858
608 481 1014045
872 638 1016739
944 577 1020357
632 359 1020368
854 61 1021999
327 57 1023352
891 576 1027086
429 20 1027834
917 540 1034951
644 545 1035757
576 333 1038139
888 99 1047232
947 479 1052524
70 56 1053054
769 512 1054524
656 516 1055145
943 148 1058893
674 150 1062671
390 347 1073297
956 678 1081435
482 413 1088322
752 458 1092457
670 655 1093367
217 125 1103165
823 786 1106356
548 36 1106789
623 561 1115851
781 623 1116015
952 323 1120341
432 388 1123450
900 671 1125659
648 450 1125808
822 264 1126938
739 347 1133915
695 151 1134207
621 535 1138641
512 199 1139602
601 290 1142042
841 287 1145705
681 55 1151155
854 761 1152880
720 190 1154484
787 567 1157648
602 230 1160966
721 234 1169947
467 26 1171138
607 502 1173050
735 234 1195486
655 131 1196742
793 9 1199196
797 611 1203735
788 474 1215197
860 792 1215394
462 6 1216475
713 566 1218923
470 237 1219082
631 586 1220452
769 631 1234250
696 370 1245295
822 643 1248026
425 284 1249971
978 31 1256924
413 380 1258943
858 543 1259312
874 839 1259819
304 105 1262198
993 520 1263132
836 362 1264240
937 363 1264597
363 353 1286599
533 154 1295191
757 239 1296058
645 368 1305846
215 63 1310087
532 39 1312234
257 181 1315666
987 856 1316444
371 272 1323741
605 152 1340142
901 515 1346557
604 311 1348506
278 15 1355438
915 261 1357550
592 7 1364029
870 357 1366401
511 71 1367841
324 243 1370545
912 33 1372787
746 681 1373028
799 322 1373094
958 307 1374430
850 114 1381453
555 284 1384265
872 736 1400152
694 328 1408860
932 412 1414088
927 438 1416425
812 638 1422031
766 682 1424973
406 169 1425257
880 58 1431563
431 402 1431901
985 174 1432953
307 278 1433243
689 348 1436508
497 21 1438504
779 379 1444407
536 282 1449305
762 41 1451593
815 617 1451698
231 167 1454472
713 578 1460194
966 470 1464294
765 296 1469124
618 19 1470097
351 180 1470284
970 951 1471625
646 0 1487493
554 265 1498438
717 555 1499499
207 84 1506958
351 81 1507582
749 135 1510411
665 655 1512229
782 161 1516615
875 603 1517939
722 389 1525596
843 327 1527719
581 437 1531078
624 104 1534353
691 509 1534629
627 80 1536711
977 653 1546231
852 629 1546390
788 14 1563206
757 509 1570806
639 524 1573792
675 165 1574223
235 192 1574630
682 335 1575161
289 260 1578959
570 213 1579247
903 474 1582995
589 157 1588501
950 867 1593794
916 44 1603235
649 225 1604144
900 592 1604459
820 339 1609811
965 125 1614152
740 581 1616391
716 586 1623924
493 150 1626613
538 225 1627306
878 407 1627941
918 532 1631352
448 377 1631799
777 303 1670615
816 606 1682058
821 113 1683866
930 638 1685790
505 410 1688478
782 13 1698535
992 785 1705221
927 793 1716085
535 301 1723613
459 121 1728662
810 336 1730428
796 746 1731323
852 172 1733271
872 683 1734137
640 192 1739798
568 551 1751914
920 688 1753342
620 330 1754870
268 135 1755323
868 681 1764067
467 33 1767958
602 25 1773691
577 226 1783361
841 323 1783575
939 781 1784203
893 51 1785233
896 506 1785667
910 590 1788702
592 315 1799519
711 298 1801125
403 187 1804768
250 61 1807385
903 858 1823152
539 294 1829308
784 249 1830628
983 264 1835444
701 472 1838505
302 229 1847675
867 149 1849348
882 274 1849359
709 491 1856116
713 278 1860833
503 233 1862649
152 79 1863036
256 151 1863097
938 345 1865477
987 153 1867209
704 375 1867624
775 699 1874268
874 414 1875660
991 837 1880302
531 514 1885129
928 775 1890075
763 195 1894205
617 295 1896526
468 321 1902564
699 685 1905260
989 766 1910831
929 88 1920296
793 767 1920920
853 599 1926556
138 127 1931274
500 392 1933329
275 59 1933449
976 6 1938086
743 86 1942878
275 207 1946432
463 357 1947859
600 200 1948081
807 383 1951457
879 622 1953144
385 369 1953978
476 455 1955692
962 465 1959534
891 725 1960167
360 323 1961241
843 426 1962674
423 143 1970655
635 524 1975229
72 50 1979759
766 718 1981499
739 257 1984233
518 47 1985181
633 616 1988816
241 103 1990544
910 40 1997881
727 60 2007710
853 105 2009153
194 141 2021267
417 401 2023763
435 325 2025897
162 76 2033183
490 475 2038177
504 265 2041736
201 198 2043257
502 11 2044580
738 137 2047507
796 691 2050125
602 444 2051879
376 71 2054061
272 136 2067949
898 596 2069249
348 333 2070099
715 259 2073780
828 320 2082372
132 64 2088919
411 315 2089965
895 466 2099548
743 435 2109945
813 237 2114665
820 79 2115137
899 309 2123304
843 612 2125759
542 513 2128431
532 89 2131276
992 957 2131804
341 149 2132902
974 33 2135230
401 323 2142176
554 297 2143645
887 254 2144304
605 543 2150320
758 323 2157493
448 297 2159598
241 33 2161205
710 473 2168526
900 492 2174550
642 230 2175709
623 265 2180177
792 397 2205176
993 437 2207052
872 301 2220500
412 123 2224456
680 371 2227322
949 237 2230157
841 575 2238536
721 288 2239127
646 442 2242219
638 336 2245531
301 229 2246116
322 320 2256942
811 194 2260665
603 590 2262062
411 293 2268472
944 772 2272045
306 283 2279277
560 62 2282865
489 65 2283747
857 754 2292248
633 232 2292291
825 140 2293412
989 352 2296022
733 198 2303967
407 137 2307663
970 855 2318679
837 251 2328704
577 340 2331101
855 640 2339445
967 510 2342947
937 813 2345471
162 70 2345721
807 53 2354293
593 138 2355030
129 63 2358863
811 798 2362164
929 248 2366333
870 119 2371949
677 95 2379810
978 286 2383942
971 609 2393480
913 559 2396129
947 177 2401807
890 793 2414630
901 720 2420259
750 75 2436038
873 21 2448420
963 772 2454282
324 218 2454326
923 302 2455212
354 106 2463383
774 106 2469848
234 208 2476966
824 344 2479710
877 140 2479963
980 67 2487269
767 457 2489390
548 495 2490005
392 16 2496343
441 178 2497333
978 883 2499644
967 165 2501111
250 60 2505591
832 429 2513913
749 629 2515358
115 93 2519041
730 555 2522492
611 147 2527142
138 85 2528821
993 288 2528896
642 301 2532770
953 252 2536854
902 228 2538788
38 32 2539528
722 690 2543790
277 79 2550379
747 217 2586142
747 89 2586775
507 195 2594542
653 217 2598998
357 87 2603001
679 419 2604271
896 27 2607850
861 751 2613543
345 341 2618811
742 4 2623679
135 8 2626868
954 770 2652251
536 388 2653352
166 110 2659132
166 148 2665369
945 104 2668438
946 736 2688621
182 18 2703138
809 798 2705029
915 821 2710864
612 370 2711223
622 364 2713467
920 635 2717590
828 812 2725844
935 360 2731478
374 161 2732739
379 122 2734526
397 203 2736608
856 373 2744472
998 875 2760768
767 753 2770638
287 34 2770638
898 747 2774427
934 876 2778998
517 282 2780561
728 676 2783681
218 170 2785842
271 148 2796056
858 50 2800022
946 920 2804537
921 562 2804666
293 145 2827580
946 628 2830452
888 291 2834647
780 715 2841263
411 300 2846470
728 383 2846970
526 32 2853235
620 282 2862164
591 415 2863837
659 445 2870014
933 926 2873646
662 143 2902950
298 41 2912408
652 615 2920902
728 247 2921026
775 520 2925699
732 388 2940311
694 494 2946864
514 307 2959056
932 446 2959632
846 164 2964879
945 433 2964907
184 34 2967295
743 103 2968408
940 670 2968759
662 446 2972283
804 299 2983027
964 776 2987047
211 202 2988229
897 573 3014259
907 525 3016593
775 222 3021011
969 93 3032593
894 5 3034098
953 551 3036859
451 420 3052647
552 469 3055207
619 274 3055284
713 4 3057561
982 501 3062546
952 595 3066539
539 278 3067507
907 396 3095808
251 24 3098527
761 756 3099718
542 147 3100950
907 418 3103057
412 148 3106593
195 143 3119443
631 333 3128141
829 107 3130899
636 401 3133400
925 109 3153574
832 121 3153611
120 90 3160115
680 442 3163512
91 0 3165755
801 580 3167644
906 265 3169704
867 73 3175574
911 651 3176486
879 343 3185663
919 778 3191965
790 27 3202085
565 456 3206472
714 257 3211506
956 721 3216384
553 298 3221509
675 604 3223908
995 169 3229794
922 795 3237584
544 525 3241270
637 328 3243419
634 232 3253220
962 565 3254984
830 136 3260847
339 5 3263672
460 16 3264559
634 607 3273787
837 585 3277147
501 81 3278059
672 432 3279056
686 508 3287463
410 169 3291469
576 399 3301456
773 573 3301532
630 625 3308096
737 154 3308573
183 141 3309710
526 101 3313314
759 26 3321497
796 755 3328243
968 780 3329204
724 695 3331533
570 48 3335730
866 410 3345258
724 230 3347459
694 428 3351545
477 268 3357470
858 486 3369575
379 51 3377876
692 150 3378140
884 320 3391926
809 559 3394557
852 385 3405782
420 314 3420642
638 610 3422439
816 350 3442074
968 111 3445028
835 650 3449016
920 391 3452767
480 310 3458268
102 7 3479055
567 495 3485517
588 135 3491922
936 119 3493591
790 342 3501574
972 109 3512804
737 564 3513758
817 569 3526904
384 141 3532671
859 34 3549370
763 582 3556167
847 335 3556286
694 62 3557782
240 91 3563099
614 324 3564028
976 639 3576814
892 253 3592969
529 106 3596551
316 132 3604115
534 297 3619444
849 714 3634954
430 242 3635121
504 289 3661747
692 568 3671005
664 372 3681836
747 290 3704134
970 932 3707290
531 443 3710672
361 66 3713021
851 635 3715344
866 248 3735672
563 542 3743632
350 156 3746906
263 161 3750139
805 335 3754658
117 79 3770051
535 281 3774480
93 45 3777176
931 900 3780304
355 39 3788167
887 116 3829327
649 504 3831016
510 246 3833967
351 3 3843637
850 845 3848383
454 189 3853355
325 107 3859183
865 122 3871909
712 602 3880227
988 260 3886612
996 370 3943695
723 500 3951913
104 12 3952459
985 201 3954984
362 245 3958348
541 361 3965397
667 297 3978110
193 191 3980161
848 458 3980322
309 157 3983455
818 440 3984393
948 553 4004940
463 134 4011296
871 819 4020456
902 688 4021099
549 533 4025297
917 427 4026361
754 625 4028441
756 245 4033646
952 885 4039745
908 115 4072061
365 14 4097190
852 308 4097398
981 524 4099236
605 95 4111144
784 603 4124207
523 358 4128651
679 677 4133888
668 60 4145718
594 224 4157372
931 760 4168844
941 862 4174105
985 693 4185993
994 849 4189893
856 227 4204368
100 32 4204491
804 189 4206494
895 502 4222537
903 838 4229655
521 123 4253081
624 155 4254758
833 334 4258097
684 62 4259645
943 869 4259699
840 446 4261736
303 0 4272061
476 399 4275477
601 518 4306656
731 427 4308298
914 365 4312134
911 156 4327752
954 871 4333403
844 135 4366341
453 449 4382249
497 451 4382584
283 118 4389251
378 118 4417397
750 741 4467555
901 596 4482702
984 773 4501900
880 768 4512223
863 473 4515539
734 63 4522942
990 687 4523356
941 409 4545810
613 410 4549601
855 118 4552177
871 559 4552737
650 11 4556716
997 537 4567979
294 188 4570101
421 312 4574304
727 641 4584649
981 312 4591637
224 51 4599757
834 376 4608410
905 152 4629244
901 112 4639418
579 151 4642810
671 253 4652062
305 239 4658390
755 223 4661873
862 276 4668075
244 42 4687198
855 54 4724314
534 478 4730698
478 331 4731286
386 116 4732750
665 489 4747050
893 745 4772555
788 558 4807607
826 510 4831653
938 205 4859479
527 124 4862140
997 303 4877889
976 221 4909543
703 655 4920898
613 453 4933863
216 48 4944336
629 485 4970669
934 186 4977250
413 204 5016111
945 479 5061829
802 174 5092422
589 356 5093934
975 30 5112710
574 42 5115386
234 43 5151371
904 469 5171558
691 498 5187781
748 676 5196248
411 69 5248705
658 239 5268517
258 27 5269303
522 148 5274076
913 652 5275846
843 673 5305464
456 236 5327004
172 35 5332628
122 97 5349585
574 546 5354288
665 344 5376002
387 52 5419405
219 126 5446093
901 452 5483956
300 46 5489889
657 24 5510295
495 414 5524251
491 474 5584291
666 448 5655739
867 159 5658984
960 294 5696236
901 83 5729223
171 136 5786942
986 920 5820338
935 382 5840797
661 54 5910631
708 6 5914915
209 90 5933571
647 608 5939930
705 19 5954165
609 300 5966200
839 206 5972918
776 739 6000930
490 261 6048646
726 185 6107561
956 326 6122016
955 682 6138285
697 60 6145476
556 521 6165274
572 91 6196343
528 177 6250192
278 267 6262926
350 1 6298494
908 53 6323393
189 78 6386246
527 484 6386586
729 464 6427626
353 220 6467613
691 37 6540611
662 23 6648055
580 461 6659954
583 468 6663381
528 82 6704798
933 214 6758250
700 477 6840510
704 140 6893726
924 614 7075240
505 163 7270397
827 587 7283052
862 158 7296151
378 17 7302929
706 439 7311572
929 405 7411412
86 29 7423116
996 133 7470119
744 501 7695777
843 49 7779260
740 598 7907410
764 88 7999612
400 249 8093297
822 337 8140186
841 318 8264275
997 10 8319515
604 530 8340499
546 404 8365262
435 422 8375365
883 273 8402444
987 160 8521749
735 557 8628596
806 80 8785610
675 92 8864917
673 2 9101737
944 292 9268339
957 381 9273378
999 429 9344167
450 139 9371087
771 407 9618446
814 394 10083854
977 98 10116620
654 395 10299729
929 168 11092504
979 815 11255792
550 12 11345965
744 173 11884516
280 238 12099296
520 416 12801062
660 110 13300252
820 196 15571173
128 40 19772719
