120658443
753 131 181
679 203 369
506 237 536
725 393 1226
279 186 1228
889 703 1361
436 131 1534
958 422 1572
850 270 1775
967 552 1860
586 433 2088
587 206 2481
637 459 2948
562 272 3080
959 23 3533
996 790 3862
959 541 4746
527 157 5164
625 133 5575
996 317 5921
471 470 5927
861 817 6358
364 115 7123
558 491 7167
831 476 7221
445 89 7444
520 75 7448
676 391 7736
224 211 7980
325 2 8862
615 525 8881
307 197 8916
733 334 9565
990 744 9976
18 9 10121
465 421 10253
933 865 10408
834 223 10836
346 7 10850
967 296 10919
895 6 11083
499 409 11383
811 440 11893
498 438 12014
883 43 12030
742 414 12373
664 610 12646
204 191 12719
971 93 12880
777 269 12980
631 101 13075
453 327 13212
371 310 13233
614 532 13364
886 0 13425
917 567 13487
652 464 13685
980 942 13698
938 257 13791
980 651 13861
833 76 13945
885 438 14039
579 102 14189
528 206 14269
450 418 14324
47 5 14546
945 407 14571
859 101 14816
683 53 15148
484 125 15350
381 137 15482
803 696 15683
588 436 15801
821 580 15875
592 335 16074
519 79 16289
758 604 16595
625 273 16953
399 242 17630
341 240 17848
618 157 17882
514 355 18098
608 312 18353
655 196 18605
896 100 18656
814 565 18760
609 583 18955
692 519 19285
757 127 19334
131 2 19806
970 466 19964
667 484 20041
878 503 20089
870 252 20829
740 718 21058
898 64 21386
74 48 21495
891 134 21819
594 558 22049
345 66 22365
905 197 22628
407 311 23081
848 170 23324
713 671 23405
840 115 23472
648 569 24134
607 254 24157
255 166 24346
316 238 24747
901 444 24752
687 44 24950
894 386 24954
949 27 25014
848 395 25365
825 707 25540
324 71 25869
942 270 25903
839 789 26127
965 172 26242
878 412 26263
81 61 26662
447 432 26789
430 332 27462
507 207 27645
987 220 27863
503 419 28772
773 182 28843
714 699 29118
539 407 29124
941 606 29163
642 249 29250
761 410 29310
428 115 29342
472 300 29572
77 2 29740
725 126 29933
820 686 29949
771 287 30050
732 102 30127
781 281 30312
982 844 30405
285 94 30849
847 162 31158
438 78 31528
858 313 31687
765 172 31749
662 171 31852
950 353 31954
789 573 32342
749 677 32530
678 545 32543
326 52 32622
771 192 32626
546 63 32798
832 5 33356
925 245 33987
838 234 34090
523 187 34447
716 614 34554
412 25 34619
547 197 34822
819 348 34823
654 261 34885
86 23 34905
763 181 34998
880 828 35152
639 357 35266
382 235 35452
945 738 35551
915 619 35910
443 364 36254
331 271 36634
964 289 36636
756 133 36916
765 445 37051
701 321 37341
493 302 38119
502 55 38211
606 110 38227
548 253 38394
724 71 38420
838 544 38626
990 317 38735
576 289 38751
476 150 38758
623 187 38893
610 48 39221
597 54 39660
692 550 39746
595 109 39767
844 266 40210
696 453 40328
937 635 40445
506 177 40720
282 223 40832
751 95 40892
528 104 41086
919 738 41137
798 652 41148
457 403 41246
869 828 41509
490 135 41528
480 123 41617
659 132 41832
473 156 41962
860 830 42018
898 842 42166
834 192 42477
679 483 42598
615 165 42696
694 305 42854
751 588 43001
965 616 43328
467 100 43775
279 61 44099
99 65 44345
590 116 44407
703 77 44496
352 311 44555
932 788 44622
702 334 45462
844 825 45483
837 643 45910
336 243 46105
892 652 46105
692 322 46167
541 192 46324
759 132 46843
479 310 46910
701 249 47021
770 359 47115
779 313 47234
767 658 47335
926 40 48124
273 207 48161
989 196 48727
796 554 48814
815 711 48893
815 59 48999
864 267 49190
821 90 49384
663 144 49447
952 884 49465
607 53 49592
995 29 49768
910 1 49857
369 300 49967
851 498 49985
528 187 50314
784 293 50519
728 721 50526
990 639 50700
206 20 50826
422 101 51598
732 386 51887
286 61 51908
748 32 52010
815 443 52177
525 56 52322
650 117 52328
827 511 52380
183 154 52425
883 265 52501
884 833 52521
713 558 52777
667 434 52923
516 82 53151
899 639 53414
640 60 53503
542 409 53517
539 205 53548
786 688 54137
539 100 54137
569 484 54290
810 620 54361
544 357 54507
547 209 54687
296 227 54767
976 780 55112
275 227 55150
453 328 55689
758 566 55787
565 322 55917
727 578 55928
804 131 56004
576 55 56164
977 966 57025
491 482 57103
854 231 57551
772 108 57709
789 148 58020
969 341 58261
910 766 58296
822 526 58454
791 551 58575
728 506 58661
501 401 59172
875 201 59410
954 880 59498
943 724 59583
965 141 59584
406 323 59714
648 526 59717
639 318 59985
865 615 60536
281 268 60980
753 297 61460
657 579 61610
747 530 61944
969 771 62083
958 657 62173
775 488 62403
952 813 62412
341 50 62574
871 469 62580
685 550 62595
914 684 62655
853 408 62749
821 179 62911
600 5 63266
40 14 64046
913 247 64651
158 32 64873
907 634 64974
751 242 64976
372 93 65483
615 543 65757
401 134 65816
964 830 65882
961 48 66402
309 198 67069
556 81 67136
812 736 67290
871 496 67325
702 620 67449
634 619 67471
975 279 67724
378 198 67859
684 276 68218
991 382 68252
864 752 68359
648 455 68535
605 241 68630
415 109 68836
927 419 69200
833 641 69406
685 633 69885
562 374 70119
957 671 70400
976 235 70607
751 579 70620
345 162 70624
800 757 70818
598 93 70925
912 102 70985
822 572 71104
590 288 71173
993 933 71318
921 687 71503
995 96 71556
518 145 71703
560 192 71727
972 111 71863
778 619 72300
167 13 72440
22 9 72553
915 800 72606
788 686 72672
581 47 72692
707 660 72786
664 264 72920
514 9 73910
712 95 73952
983 613 74302
833 39 74629
84 35 75208
614 613 75370
770 94 76379
615 345 76517
107 76 77265
566 360 77554
304 205 77748
995 162 77748
461 208 77789
418 106 77827
878 536 77850
874 33 78363
850 283 78584
380 280 78584
849 440 78592
677 4 78683
324 310 78899
945 862 79166
849 64 79447
775 622 79623
303 156 79733
867 855 79942
893 444 80043
348 275 80067
545 125 80337
403 186 80398
568 354 80448
747 744 80584
986 423 81291
799 480 81726
346 184 82439
436 356 83199
685 605 83615
656 644 83695
607 338 83883
854 686 83936
285 249 84041
506 14 84491
346 183 84815
653 650 85074
831 615 85289
847 39 85555
903 215 85639
798 271 86164
960 772 86204
335 104 86410
924 650 86465
958 8 86970
534 356 86975
629 598 87001
996 199 87344
715 599 87369
538 197 87407
526 363 87466
249 169 87500
531 18 87677
741 684 87831
958 491 87967
194 46 87968
850 729 88449
935 363 88488
189 174 88734
816 635 88805
360 249 88899
745 123 90075
713 207 90684
252 88 90805
406 219 90870
881 295 91056
805 229 91360
976 128 91464
230 113 91672
804 509 92005
921 673 92136
853 705 92181
848 289 92544
630 152 93049
836 417 93063
610 25 93071
414 333 93196
523 381 93315
355 45 93332
288 189 93609
656 397 93940
791 558 93955
275 155 94405
877 32 94425
299 78 94568
393 170 94586
649 196 95286
550 503 95307
905 722 95361
591 146 96188
859 180 96237
511 324 96351
105 65 96410
998 443 96482
898 503 96784
220 106 96885
532 440 97385
450 105 97590
797 574 97618
664 531 97675
984 286 97675
963 135 97898
765 430 98404
978 166 98411
523 402 98727
862 664 98860
529 301 99493
672 108 99519
999 925 99719
562 298 99767
663 201 99857
803 24 99977
786 726 100131
621 13 100190
350 294 100359
750 69 100578
579 104 100649
64 13 100676
862 860 100717
512 3 100773
909 81 101076
995 754 101161
393 125 101165
712 508 101216
632 285 102086
449 280 102563
179 124 102892
669 532 102945
849 473 103157
471 220 103342
631 622 103374
721 292 103857
742 78 104046
812 13 104511
449 439 104570
697 279 104604
754 737 104785
634 416 104798
784 169 104939
691 2 105410
193 139 105650
998 60 105788
720 49 105983
689 569 106755
881 429 106775
347 19 106861
643 578 106906
805 650 107136
308 180 107393
673 350 107454
954 839 107512
634 235 107728
326 174 108172
558 417 108316
944 388 108876
544 272 109287
279 112 109419
370 154 109724
214 64 110058
783 17 110569
851 248 110756
873 678 111087
223 114 111470
379 185 111475
921 130 112336
882 877 112488
262 243 112662
491 134 112667
661 455 112830
458 404 113049
817 237 113261
251 191 114159
670 565 114765
901 154 114933
711 349 115039
220 130 115065
981 38 115502
856 246 116155
981 466 116205
980 805 116318
662 420 116378
548 357 116526
377 157 116632
827 153 116928
900 34 117226
904 629 117350
248 89 117390
380 8 117536
770 307 117766
394 16 117864
466 339 117949
506 9 118177
486 390 118324
803 420 118400
417 110 118485
545 513 118537
895 330 119305
974 252 119326
670 647 119666
842 676 119926
283 111 119935
883 494 120514
977 304 121156
969 36 121175
364 355 121182
759 149 121295
782 517 121523
454 334 121666
535 513 121700
706 531 121989
752 367 122213
701 677 122586
816 45 122603
741 112 122691
257 133 122844
510 371 122898
682 384 122948
763 13 123062
929 292 123227
983 651 123227
358 41 123747
494 325 123874
268 216 124689
488 47 124692
881 255 124749
880 291 124818
777 280 124841
829 435 124924
935 291 124930
239 87 124930
421 307 124994
698 496 125060
993 228 125106
795 5 125245
667 320 125302
853 707 125558
864 531 125884
947 778 126566
736 518 127187
927 747 127224
270 51 127410
231 200 127441
813 442 127573
465 149 127605
211 99 127875
794 250 128540
811 316 128627
935 800 128913
637 536 129097
348 109 129122
142 84 129271
872 545 129320
714 115 129439
673 343 130053
945 881 130618
252 228 130765
490 251 130986
662 264 131103
775 220 131288
859 549 131328
748 72 131342
624 544 131359
458 439 131711
628 85 131806
766 756 131823
771 579 132200
883 559 132750
466 4 133114
870 239 133508
836 281 133686
957 258 134111
611 202 134172
777 87 134292
727 224 134657
685 408 134690
917 799 134994
718 113 135206
731 412 135306
920 877 135365
726 233 135836
503 135 135983
618 479 136020
603 510 136184
974 7 136584
545 269 136693
765 211 137068
446 5 137120
570 181 137468
741 32 138553
173 66 138834
511 361 139200
855 676 139498
166 108 139984
938 596 140191
557 543 140544
780 54 140759
594 27 141639
697 384 142012
608 417 142067
782 23 142298
974 916 142393
661 112 142544
820 448 142568
704 184 142752
973 513 142847
916 586 143052
418 277 143160
568 557 143369
858 636 143445
496 98 143783
129 127 144142
396 333 144720
652 19 144999
783 665 145407
986 50 145431
939 194 145789
322 274 145910
908 876 146013
121 7 146168
858 438 146435
689 247 146504
734 119 146560
856 287 146785
275 191 147267
807 181 147573
465 404 147932
666 135 148044
679 333 148639
694 527 148842
762 705 149202
447 422 149464
403 97 149544
761 392 149619
316 31 149990
408 243 150065
614 510 150134
876 659 150386
467 188 150907
590 153 150981
898 301 151650
308 250 151704
835 762 151897
654 495 152101
577 95 152173
906 759 152249
739 665 152449
837 140 152590
946 317 152736
617 251 153121
607 596 153135
499 3 153929
649 148 153948
695 28 154320
800 798 154548
217 189 154663
815 681 154670
413 119 154806
862 362 154896
988 76 155877
589 204 156680
951 520 156763
890 194 157644
485 365 158129
310 67 158169
916 113 158627
379 241 158728
999 687 159501
593 374 159953
410 95 160324
619 323 160729
802 704 161392
311 193 161734
682 144 162512
985 322 162779
215 106 165076
250 151 165305
818 308 165616
693 341 165855
454 241 165904
675 245 166709
831 398 166714
659 319 167095
937 680 168203
878 563 168749
922 458 168817
690 616 168836
766 435 169210
928 894 169904
659 136 170030
744 400 171240
750 701 171593
638 14 172001
298 261 172500
665 268 172705
385 91 173150
394 119 173683
494 198 173725
968 699 173748
516 33 173772
970 212 173871
584 233 173956
845 324 174885
713 574 175130
755 8 175284
969 62 175825
409 202 176199
843 434 176402
607 585 176722
573 98 176771
953 452 177289
649 554 177551
944 289 177568
454 452 179118
700 642 179752
745 732 179828
936 200 180209
628 559 180259
218 159 180329
491 232 181265
808 574 181321
890 119 181621
766 460 181639
887 180 181699
535 342 181938
423 260 182087
663 394 182392
345 11 182645
997 328 182864
756 555 182866
405 338 182921
851 710 184412
791 368 184516
759 225 184759
710 122 185663
546 237 185918
971 910 186293
853 768 186319
816 160 187331
730 692 187739
918 524 189800
564 305 190542
188 68 190654
793 55 190779
951 261 191650
994 569 192250
516 375 193038
956 620 193119
474 71 193326
819 787 194887
376 189 194919
546 306 195522
118 111 195523
922 646 195580
931 872 195739
753 591 196159
512 29 196687
257 0 197213
881 583 197435
806 346 198815
575 11 199447
768 427 200594
426 275 201220
930 591 202144
776 25 202876
846 104 202885
821 616 203083
415 290 203177
708 704 203640
853 441 204028
759 138 204282
582 351 204298
715 294 204713
855 208 204779
802 468 208048
792 174 208134
768 6 208221
540 60 208570
385 358 209057
969 948 210178
566 456 210443
900 525 210563
279 175 211209
982 788 211272
336 168 213242
938 863 214222
744 553 214953
601 439 215471
955 63 215804
791 720 215952
899 21 216328
487 376 216637
155 42 216837
91 59 216961
644 476 217863
772 424 218402
940 551 218533
642 493 218596
329 132 218646
849 717 219359
807 767 222098
489 368 223127
376 226 223488
537 249 224542
572 103 224823
369 248 224993
830 462 225067
146 37 225077
215 159 225148
823 762 225288
486 401 225386
431 277 225623
135 92 225720
236 131 226570
701 584 226883
968 785 227385
918 846 227774
857 84 229212
929 719 229470
572 485 232641
437 89 234353
857 602 234816
515 85 234841
909 351 237564
824 0 239578
584 561 242883
784 142 243000
555 80 243566
116 33 244437
987 709 244811
404 344 245063
481 75 247171
868 747 249970
269 176 251368
332 178 251626
866 501 252233
504 155 252461
411 207 252877
408 58 253318
992 224 255628
997 478 257149
411 387 257538
979 624 258248
522 381 259363
923 231 259641
818 263 262123
950 347 265174
852 97 265923
746 444 266165
836 83 268088
612 221 268220
521 485 269802
168 164 270061
351 195 271250
843 774 272733
813 143 273241
764 573 273732
525 497 273839
826 672 274767
693 221 274796
841 663 279788
620 373 280090
337 137 281781
475 158 283141
951 743 283504
383 379 283828
897 259 284382
923 492 285263
731 340 285724
962 111 286057
978 809 286373
596 152 291134
879 549 294114
773 106 299395
628 256 302544
823 12 307029
486 389 309332
894 366 309636
308 15 313194
505 22 316437
626 306 324898
897 865 329134
723 320 330600
831 222 331933
261 161 332262
499 190 333296
821 70 337104
545 314 339001
901 26 351229
533 485 352683
990 902 352833
586 210 358319
888 371 368045
695 175 372303
641 30 378106
966 674 381072
463 447 382621
243 10 386477
425 283 394107
358 147 394947
934 909 395158
735 119 399137
571 138 400089
321 278 407385
627 375 413825
586 244 422504
315 97 435809
305 73 437525
479 213 437673
935 57 440418
645 494 456864
451 158 460405
801 334 461643
504 500 511222
163 69 535238
477 246 541759
769 178 542357
911 400 558265
668 548 559743
485 284 569942
965 120 572774
760 655 666282
