754
963 18 0
943 415 0
551 201 0
694 390 0
767 643 0
465 371 0
921 118 0
246 112 0
542 295 0
338 153 0
754 47 0
228 222 0
754 686 0
300 259 0
243 185 0
961 102 0
940 237 0
923 842 0
866 366 0
472 205 0
862 88 0
281 14 0
834 432 0
984 138 0
755 158 0
741 184 0
745 22 0
781 659 0
276 149 0
681 356 0
382 211 0
927 887 0
279 93 0
969 35 0
880 369 0
973 85 0
944 763 0
550 427 0
409 153 0
558 431 0
939 24 0
725 411 0
801 382 0
668 191 0
833 103 0
853 229 0
614 474 0
329 11 0
809 553 0
602 216 0
556 270 0
958 85 0
959 377 0
383 140 0
484 402 0
423 193 0
384 366 0
837 174 0
454 426 0
399 210 0
540 35 0
689 314 0
801 302 0
766 322 0
893 696 0
962 498 0
530 66 0
922 587 0
302 241 0
796 414 0
518 234 0
868 657 0
632 437 0
681 297 0
421 168 0
877 64 0
548 267 0
337 104 0
469 124 0
796 274 0
824 343 0
877 381 0
646 83 0
564 350 0
290 112 0
994 952 0
483 136 0
731 167 0
602 436 0
961 550 0
637 498 0
876 103 0
934 306 0
736 329 0
860 43 0
312 184 0
602 372 0
705 272 0
985 545 0
626 136 0
745 478 0
234 104 0
808 348 0
712 236 0
297 216 0
959 145 0
609 453 0
989 479 0
201 33 0
207 196 0
221 187 0
954 550 0
645 82 0
810 31 0
638 20 0
738 42 0
793 79 0
698 0 0
771 543 0
437 342 0
433 180 0
944 810 0
992 515 0
535 175 0
958 46 0
941 221 0
878 666 0
671 170 0
997 120 0
129 119 0
563 380 0
218 196 0
838 266 0
603 258 0
542 469 0
653 305 0
772 759 0
673 252 0
913 780 0
876 526 0
527 466 0
790 554 0
754 325 0
343 21 0
728 180 0
774 311 0
628 146 0
920 694 0
889 752 0
208 117 0
653 188 0
588 408 0
522 337 0
833 68 0
654 593 0
668 183 0
585 311 0
952 772 0
604 591 0
810 106 0
784 416 0
673 389 0
371 142 0
924 717 0
743 36 0
574 280 0
211 184 0
669 430 0
727 65 0
680 68 0
781 508 0
960 851 0
683 410 0
559 255 0
830 143 0
587 9 0
926 695 0
557 199 0
884 869 0
717 279 0
321 254 0
994 751 0
348 343 0
833 252 0
396 239 0
121 43 0
577 22 0
136 60 0
700 638 0
924 805 0
131 90 0
676 26 0
575 5 0
794 617 0
386 350 0
774 578 0
487 351 0
849 795 0
356 192 0
958 416 0
814 61 0
971 46 0
750 731 0
821 764 0
839 481 0
964 350 0
427 9 0
634 389 0
548 107 0
260 15 0
807 84 0
898 314 0
278 136 0
934 667 0
628 461 0
788 233 0
809 121 0
434 268 0
134 106 0
927 15 0
882 662 0
590 490 0
621 312 0
678 274 0
166 120 0
549 236 0
834 479 0
696 682 0
418 118 0
69 2 0
219 64 0
883 695 0
557 384 0
676 378 0
719 438 0
211 44 0
266 88 0
649 370 0
532 428 0
855 726 0
888 570 0
691 152 0
686 103 0
763 456 0
960 542 0
584 580 0
894 226 0
747 347 0
763 693 0
286 215 0
532 402 0
658 438 0
431 409 0
814 255 0
906 415 0
643 606 0
995 283 0
962 165 0
355 310 0
951 758 0
358 181 0
736 270 0
892 790 0
535 13 0
309 286 0
485 293 0
601 336 0
778 400 0
644 15 0
550 187 0
500 404 0
622 197 0
936 915 0
246 214 0
446 431 0
940 231 0
819 765 0
975 740 0
995 370 0
839 615 0
132 77 0
600 289 0
997 551 0
835 621 0
832 700 0
748 142 0
786 584 0
230 117 0
880 873 0
945 617 0
849 837 0
710 691 0
764 130 0
864 460 0
751 534 0
272 148 0
720 587 0
581 109 0
604 546 0
935 60 0
473 69 0
821 142 0
999 403 0
908 302 0
803 141 0
480 295 0
969 333 0
426 79 0
690 11 0
790 413 0
674 624 0
996 683 0
324 244 0
994 174 0
243 158 0
870 212 0
416 283 0
238 161 0
876 563 0
664 595 0
564 536 0
265 170 0
886 218 0
946 3 0
767 548 0
418 378 0
623 131 0
899 577 0
443 333 0
792 707 0
814 193 0
437 93 0
746 443 0
683 130 0
622 456 0
475 451 0
764 367 0
625 228 0
678 145 0
580 489 0
907 19 0
897 41 0
470 145 0
746 627 0
825 729 0
866 455 0
399 115 0
711 185 0
754 616 0
869 291 0
787 461 0
743 565 0
725 556 0
553 290 0
768 659 0
863 239 0
741 8 0
593 171 0
656 364 0
453 164 0
417 143 0
485 440 0
794 290 0
747 292 0
523 254 0
817 449 0
701 672 0
451 31 0
702 74 0
976 19 0
227 51 0
789 120 0
842 488 0
444 417 0
887 526 0
298 200 0
900 169 0
431 170 0
860 134 0
564 13 0
936 681 0
702 656 0
525 317 0
810 552 0
359 152 0
736 335 0
401 26 0
951 780 0
199 24 0
257 51 0
628 216 0
498 359 0
805 36 0
944 873 0
645 42 0
818 535 0
492 181 0
664 145 0
817 218 0
294 166 0
455 34 0
517 452 0
854 712 0
689 41 0
888 77 0
916 307 0
597 20 0
277 276 0
208 56 0
808 429 0
603 491 0
374 132 0
856 185 0
683 53 0
309 213 0
617 289 0
883 662 0
285 40 0
295 292 0
279 33 0
273 125 0
787 493 0
125 39 0
655 331 0
957 646 0
434 367 0
871 805 0
901 78 0
942 250 0
700 91 0
298 105 0
800 478 0
768 734 0
561 172 0
883 49 0
875 474 0
708 676 0
116 66 0
712 372 0
213 131 0
926 652 0
970 264 0
984 32 0
506 184 0
461 381 0
972 229 0
953 301 0
365 207 0
981 864 0
797 310 0
701 221 0
815 9 0
972 547 0
307 101 0
765 438 0
734 278 0
969 394 0
433 126 0
979 446 0
528 82 0
983 113 0
708 260 0
251 124 0
596 89 0
555 362 0
416 304 0
860 784 0
462 129 0
984 909 0
676 457 0
989 446 0
745 522 0
284 163 0
947 145 0
373 89 0
713 384 0
913 408 0
918 858 0
727 675 0
608 378 0
879 59 0
685 100 0
620 88 0
553 407 0
886 524 0
442 13 0
817 459 0
977 155 0
756 651 0
774 314 0
909 841 1
559 374 1
338 254 1
958 439 1
483 180 1
595 271 1
466 327 1
949 497 1
449 309 1
739 682 1
855 181 1
609 20 1
432 424 1
261 139 1
344 71 1
850 347 1
811 799 1
679 460 1
726 680 1
417 253 1
745 465 1
796 241 1
503 196 1
324 36 1
567 0 1
394 216 1
676 318 1
902 210 1
786 559 1
988 385 1
244 118 1
743 730 1
420 102 1
883 845 1
395 72 1
816 164 1
954 642 1
904 60 1
374 161 1
833 819 1
513 284 1
850 458 1
586 366 1
957 90 1
794 162 1
893 221 1
677 61 1
985 642 1
687 553 1
172 95 1
872 435 1
997 172 1
535 397 1
838 577 1
404 329 1
975 253 1
615 248 1
141 11 1
790 117 1
700 433 1
927 646 1
541 133 1
693 332 1
904 31 1
947 6 1
305 94 1
990 542 1
860 400 1
596 457 1
985 25 1
907 530 1
86 20 1
320 183 1
669 312 1
237 155 1
450 362 1
473 286 1
497 93 1
712 614 1
439 435 1
373 28 1
558 368 1
972 381 1
878 787 1
592 563 1
916 250 1
320 188 1
606 356 1
756 233 1
568 429 1
642 623 1
947 252 1
402 233 1
682 335 1
556 42 1
368 9 1
535 278 1
613 97 1
724 83 1
977 52 1
292 21 1
919 168 1
147 17 1
224 158 1
792 230 1
795 387 1
651 546 1
399 276 1
971 270 1
970 216 1
682 593 1
823 446 1
966 218 1
751 540 1
840 614 1
985 952 1
950 660 1
416 165 1
768 262 1
220 35 1
423 369 1
783 589 1
483 311 1
847 571 1
532 448 1
412 331 1
322 294 1
436 362 1
862 208 1
617 531 1
716 608 1
821 7 1
844 433 1
320 154 1
731 458 1
787 87 1
928 719 1
461 375 1
641 308 1
868 373 1
793 288 1
573 558 1
707 443 1
574 361 1
960 8 1
779 58 1
796 487 1
831 20 1
953 362 1
431 125 1
361 353 1
907 688 1
695 160 1
298 268 1
423 308 1
888 101 1
562 280 1
919 671 1
827 15 1
647 264 1
215 206 1
360 299 1
780 76 1
483 282 1
801 417 1
190 50 1
647 97 1
852 209 1
856 564 1
496 472 1
299 203 1
433 222 1
926 348 1
223 69 1
869 178 1
394 190 1
479 14 1
538 165 1
594 431 1
513 135 1
518 507 1
148 92 1
305 58 1
574 233 1
761 351 1
82 80 1
353 124 1
734 486 1
649 366 1
501 94 1
864 589 1
316 51 1
913 785 1
572 261 1
695 630 1
995 466 1
378 310 1
572 130 1
845 648 1
819 798 1
839 824 1
739 452 1
836 636 1
603 532 1
999 50 1
189 148 1
816 78 1
357 211 1
535 116 1
648 331 1
844 464 1
381 204 1
108 47 1
917 819 1
293 46 1
548 38 1
71 52 1
360 275 1
940 875 1
783 634 1
978 698 1
427 398 1
522 122 1
628 98 1
705 561 1
753 190 1
920 336 1
841 176 1
615 17 1
870 723 1
822 673 1
992 229 1
714 92 1
590 311 1
523 383 1
195 139 1
875 709 1
698 606 1
967 443 1
856 513 1
891 272 1
962 721 1
909 308 1
630 581 1
820 709 1
533 62 1
884 542 1
830 23 1
813 685 1
942 618 1
607 598 1
889 566 1
916 653 1
850 675 1
769 159 1
388 314 1
673 232 1
529 311 1
539 32 1
769 244 1
660 511 1
774 276 1
487 18 1
79 34 1
364 163 1
816 776 1
471 79 1
534 316 1
885 171 1
932 48 1
703 272 1
968 598 1
847 681 1
870 820 1
931 545 1
893 186 1
842 528 1
393 350 1
447 292 1
385 197 1
413 336 1
822 263 1
774 582 1
735 441 1
936 226 1
193 59 1
823 777 1
709 598 1
956 829 1
888 114 1
741 169 1
803 791 1
964 639 1
610 431 1
982 498 1
587 182 1
543 492 1
617 495 1
742 6 1
949 209 1
936 813 1
911 336 1
633 217 1
235 156 1
246 194 1
490 127 1
514 124 1
940 881 1
143 62 1
313 169 1
905 131 1
878 345 1
181 84 1
991 428 1
589 317 1
673 541 1
781 663 1
859 315 1
986 599 1
612 373 1
758 631 1
744 82 1
780 240 1
955 825 1
384 330 1
521 271 1
706 652 1
986 617 1
933 125 1
732 48 1
780 738 1
955 129 1
955 496 1
889 496 1
504 412 1
653 496 1
802 254 1
943 734 1
864 48 1
213 54 1
718 434 1
874 391 1
349 33 1
739 245 1
799 28 1
948 827 1
776 151 2
733 689 2
765 376 2
760 441 2
843 17 2
494 430 2
859 636 2
235 194 2
806 565 2
890 220 2
874 510 2
560 61 2
920 425 2
930 725 2
202 90 2
730 476 2
744 633 2
867 279 2
762 373 2
669 179 2
576 554 2
848 116 2
445 423 2
826 706 2
625 10 2
575 29 2
579 507 2
859 585 2
903 271 2
467 10 2
749 359 2
268 128 2
337 81 2
431 352 2
929 709 2
898 715 2
863 223 2
225 51 2
692 356 2
738 611 2
96 69 2
421 173 2
247 4 2
796 512 2
431 334 2
877 857 2
275 248 2
629 621 2
865 830 2
757 342 2
80 45 2
339 280 2
340 85 2
954 300 2
406 212 2
989 391 2
993 333 2
400 177 2
727 583 2
921 63 2
753 72 2
624 152 2
869 1 2
987 349 2
885 544 2
861 165 2
790 699 2
214 12 2
170 70 2
937 656 2
684 636 2
934 417 2
665 444 2
346 139 2
782 473 2
574 323 2
128 75 2
501 111 2
773 586 2
441 250 2
335 29 2
721 505 2
604 287 2
732 511 2
797 296 2
326 198 2
379 107 2
910 810 2
925 74 2
853 828 2
965 318 2
764 55 2
969 123 2
630 285 2
519 346 2
896 880 2
980 265 2
202 37 2
704 73 2
661 399 2
905 482 2
914 33 2
490 247 2
918 386 2
256 235 2
670 192 2
974 460 2
759 73 2
385 57 2
983 539 2
998 286 2
953 269 2
150 0 2
481 144 2
681 16 2
895 609 3
846 497 3
754 326 3
361 67 3
998 697 3
913 463 3
363 5 3
938 676 3
516 462 3
475 242 3
569 278 3
965 770 3
405 200 3
509 17 3
737 687 3
537 155 3
829 7 3
499 271 3
846 520 3
582 392 3
596 157 3
310 110 3
946 85 3
502 77 3
337 328 3
303 268 3
932 319 3
662 619 3
500 27 3
804 656 3
289 99 3
327 137 4
575 249 4
764 354 4
813 640 4
650 206 4
477 312 4
341 155 4
592 30 4
654 422 4
775 2 5
812 683 5
968 912 6
638 468 6
635 276 6
419 230 6
722 719 7
973 605 8
