865157931
914 712 710
969 68 839
559 282 1147
121 93 3239
310 270 8524
619 565 9000
710 570 10472
519 143 13990
818 286 15883
983 580 16014
523 37 17225
996 855 22036
471 459 22324
248 65 23805
914 172 24956
959 135 28546
761 460 30655
840 690 31056
736 203 31210
880 523 33583
852 746 34042
476 324 34353
265 76 35320
735 292 35752
666 302 36303
687 187 39734
549 492 40436
583 113 42313
724 228 46581
579 427 49844
967 316 50964
365 236 52714
928 856 55620
173 136 57787
680 418 58185
382 22 59750
645 260 62788
738 631 63088
541 191 63134
711 562 63925
693 73 69622
672 311 70411
453 53 70681
921 880 71598
659 443 74703
872 59 76348
886 240 78529
837 235 81392
733 16 83349
387 298 83785
867 32 84279
654 265 84375
606 151 84801
863 37 85875
796 149 88770
703 139 91274
407 391 92155
825 119 93140
751 220 93785
783 773 95503
721 117 97287
959 800 99958
847 388 102049
845 532 102185
918 238 102384
766 690 104313
853 382 104716
916 121 104823
605 320 105549
967 422 111518
920 393 111891
723 578 113423
570 201 114085
751 130 115191
809 2 115943
841 649 116018
474 298 116781
551 25 123325
559 512 123563
381 307 124278
817 57 124602
863 654 125989
791 257 127648
639 88 128189
672 405 129578
403 119 131077
791 574 131932
965 624 138157
407 130 139574
909 501 141309
656 189 148525
504 346 149134
691 91 149665
977 730 151490
879 568 151565
894 397 155952
648 355 156199
661 341 157116
494 120 157197
449 347 161349
816 340 163176
619 256 165353
626 512 166835
987 538 169785
697 78 170916
232 181 173015
562 216 175110
567 356 176693
492 455 177353
785 292 177586
861 857 178588
147 139 181166
560 258 182593
535 457 182605
195 32 182914
195 48 183365
821 400 183402
709 278 184013
938 876 185179
376 160 187860
572 109 188144
808 147 189133
779 162 189170
927 617 190109
54 6 191373
664 58 191431
553 208 192060
412 342 193840
611 280 195798
382 90 198116
887 296 198401
811 432 199723
804 180 199927
299 255 202963
501 292 203196
333 36 203404
605 313 203625
519 307 206037
515 474 207286
397 126 208039
523 500 210301
562 561 215408
879 846 215834
931 576 218010
812 384 219472
217 182 221827
642 378 222270
802 703 222416
747 438 223016
909 231 226335
294 201 229079
712 391 229602
948 273 231335
990 876 235934
659 635 240310
923 518 244102
329 235 245690
309 258 248139
413 210 250130
808 287 251019
839 521 251036
919 35 251900
847 476 257017
471 62 260985
503 42 261162
969 134 261761
725 34 262719
811 679 262773
85 51 263294
846 589 265232
690 625 266793
632 51 268822
681 445 270698
600 230 271523
291 156 272676
422 110 274740
656 44 275448
570 203 276739
312 179 277400
790 673 278305
560 170 278919
832 425 282899
730 513 283664
882 135 284526
707 419 285913
840 717 288307
989 894 289090
861 372 294266
180 52 294355
706 163 296725
949 806 297010
716 230 301021
770 335 302286
773 770 303852
525 360 304024
929 62 311629
921 790 314289
825 768 314474
891 394 315023
519 455 321742
128 51 323423
909 564 324629
956 360 324713
869 645 325611
587 300 326800
958 369 332606
414 193 333868
970 260 334024
962 500 334899
744 519 335622
837 804 335767
954 727 337459
688 278 337736
435 193 338966
835 203 340518
306 134 341110
988 368 342706
651 46 343281
306 241 346468
775 480 348331
724 111 355052
584 323 355637
732 247 357074
918 832 360319
458 361 361811
355 101 363451
905 166 364663
243 9 365225
186 52 365270
613 146 365358
559 170 365692
444 379 369009
662 541 369640
478 293 371357
904 803 373172
177 119 375036
775 543 375621
648 160 375927
924 575 376331
872 206 378624
742 162 380718
454 437 382077
842 322 383273
863 230 383760
628 138 386449
496 54 387480
843 55 388566
841 81 388991
497 453 390257
857 637 390465
597 442 393819
452 444 394576
562 501 394678
752 286 396714
831 364 397696
990 355 398601
502 127 398621
787 393 399706
942 256 402341
862 580 403466
714 15 404303
594 562 405260
265 161 405415
581 25 406817
836 727 407332
572 62 417439
983 915 418060
986 671 418202
434 91 418234
539 300 418350
959 551 420485
399 93 420946
835 739 421714
969 108 423103
896 546 425860
297 292 432370
752 197 433891
926 630 435063
863 701 436409
561 274 437973
345 102 438438
960 596 438551
366 53 439433
692 284 440012
658 33 440175
808 470 441385
994 793 443222
797 449 446728
454 218 447053
647 228 451472
726 386 453978
930 867 453983
781 494 455562
665 463 456067
56 2 456865
157 136 457290
144 108 459532
521 371 460192
745 11 462522
545 413 462683
898 206 462916
888 108 463943
643 348 463993
445 94 465068
314 290 465493
765 701 465678
894 78 470506
855 774 471595
965 93 471693
889 83 471749
400 382 472650
364 313 472888
772 613 473522
734 687 478050
872 680 478657
543 353 478972
794 53 479240
959 420 479634
710 666 479646
748 419 480658
877 344 481738
789 365 481905
795 330 485708
760 158 486516
930 79 486636
707 360 492077
157 4 492081
587 184 493338
781 55 495570
936 144 497764
880 251 497953
557 477 500027
597 256 500916
969 191 504810
564 373 505026
539 228 505421
679 285 506193
743 486 509715
222 75 511297
812 115 517316
922 388 517406
653 284 517670
340 147 519693
719 545 521065
826 756 521761
389 171 523268
564 313 524275
910 321 526292
846 484 527874
359 208 529992
910 659 531844
672 502 533481
938 208 534979
991 713 535985
426 161 537055
979 255 538637
913 79 541351
878 770 541754
842 120 545271
582 430 545882
958 685 547333
807 103 547620
841 474 549605
911 558 549822
868 806 550072
980 573 556206
963 28 557168
935 59 558105
339 166 558366
262 160 559742
835 217 560625
338 6 565212
311 18 569382
245 133 570375
175 67 570730
828 276 571906
357 356 576243
697 641 577205
772 693 577748
878 535 578671
590 153 583947
756 435 587646
893 263 587767
918 77 592262
887 848 593360
899 355 595939
912 771 601105
121 56 601303
976 541 602800
927 494 605939
902 92 609439
729 221 609820
839 648 610034
843 67 615128
856 255 618018
651 247 622516
485 218 622919
255 48 623156
573 148 623835
942 743 624016
988 484 626401
63 45 627217
747 738 628121
620 549 628644
509 505 632253
987 874 632678
931 763 633099
861 411 633289
465 437 635415
924 325 635701
588 15 639653
461 288 641190
780 558 643252
907 285 643457
545 70 644101
658 178 648347
735 333 648496
911 178 649526
820 494 649587
350 241 649750
782 718 650248
282 70 650726
522 254 651039
586 234 652504
862 13 656813
741 303 657395
844 19 658480
820 23 660379
603 288 661150
508 54 663563
384 190 664709
395 169 664715
685 399 665733
847 424 666936
689 374 667327
878 222 667939
717 604 668403
502 237 669115
227 125 669765
566 19 671126
780 214 672819
948 441 673416
847 533 673640
752 678 675018
930 279 675096
464 52 679024
532 87 679778
577 314 682632
649 437 683585
994 204 687318
510 199 687753
672 363 689365
511 425 690726
942 820 691086
925 821 693414
861 300 696090
647 110 696565
390 50 699330
771 728 700978
960 670 701309
377 245 702329
735 111 707438
954 232 709085
761 125 710524
935 487 710800
979 39 712548
597 591 714538
887 478 715612
675 359 716726
938 24 716763
347 236 716903
882 793 717609
825 72 718455
613 220 719318
389 326 719320
953 119 720138
377 366 720380
776 344 720719
972 779 721997
999 132 722241
765 649 723782
480 128 723884
692 688 726445
929 125 727419
303 115 728652
584 235 728938
949 724 730696
744 553 731061
819 325 732905
853 829 733040
560 449 733319
488 332 734575
705 93 734777
367 209 736212
516 343 736879
979 327 736955
560 454 737829
625 89 738271
364 86 739699
979 873 742794
719 595 742887
654 206 745814
891 534 746403
640 247 747328
550 355 750229
700 449 750578
776 92 750727
695 118 753093
749 716 755262
710 3 756071
991 811 756107
723 421 757560
191 20 758305
999 125 760879
480 2 761424
395 219 762562
783 170 765339
505 195 767471
551 160 774953
603 416 774953
358 23 776211
818 96 776728
693 215 777252
625 623 778050
922 611 780564
829 420 782060
756 67 785521
942 490 786904
178 163 787548
107 8 788367
865 87 790766
643 66 790838
889 682 791549
578 416 791678
895 452 795655
570 403 799412
697 357 801930
630 354 802417
549 38 805855
400 116 808659
618 196 808919
987 891 809517
910 575 810762
861 726 810867
519 497 811326
934 693 813997
464 115 814241
731 558 814507
410 73 815103
906 409 818884
998 0 819371
458 210 819871
939 249 820683
870 538 821371
499 99 821458
546 200 821888
791 246 822057
656 16 825431
156 120 825490
157 22 826231
387 114 826796
702 525 827456
239 120 829144
535 279 831665
101 75 832156
893 73 832547
245 187 832695
226 163 833562
507 282 833879
935 787 834102
665 404 835544
781 407 835568
426 153 836214
283 121 836305
928 188 840358
475 303 844170
84 9 845271
852 519 845961
492 461 847235
985 776 848596
517 66 850360
598 561 851319
101 41 854013
880 306 854177
792 353 855361
930 731 857657
897 284 859828
500 176 860510
927 813 861604
83 66 861861
983 552 867607
913 580 870673
591 431 871556
578 348 871966
798 641 872158
508 117 874571
923 570 876742
969 522 878310
419 307 879024
749 709 881008
986 5 882299
983 583 883621
985 980 884614
603 44 885811
544 161 886023
582 118 886076
809 449 886994
915 164 887668
907 843 888583
753 707 890550
376 125 892975
423 24 896368
463 354 899998
374 329 900474
71 31 900716
806 767 902925
228 213 904797
920 756 905196
622 550 906896
778 654 909849
971 428 911129
838 628 911463
540 164 913207
862 29 915767
447 72 917428
895 237 917504
677 450 917928
639 221 922515
676 503 924936
510 161 926432
931 880 931782
706 123 932478
194 191 933435
741 433 934141
805 787 935395
213 74 935815
510 151 936337
856 326 936384
928 845 939621
398 170 941596
569 269 942852
768 491 944285
605 299 947454
982 916 947747
726 249 948235
900 531 948286
481 320 950547
708 338 950993
595 511 951366
270 257 954680
640 85 955586
827 607 955591
885 444 955703
295 55 960775
695 358 961708
511 253 962167
748 246 962808
966 238 963825
493 21 963845
995 232 965759
970 162 967632
242 120 968676
644 596 975766
616 137 976759
310 104 977514
483 35 977966
736 281 978315
733 148 983651
108 103 986523
815 536 987259
462 14 988468
476 336 990932
813 489 991321
609 334 991383
855 300 991880
669 212 995813
998 348 998026
807 443 999038
736 169 999723
768 723 1000863
639 114 1001196
827 318 1001957
955 115 1003517
387 235 1005456
690 668 1006503
614 298 1006548
484 413 1007630
207 81 1011506
905 391 1014123
791 405 1015819
591 205 1021631
518 388 1025367
947 559 1029540
722 136 1030710
177 158 1031886
850 421 1033333
942 78 1034440
865 456 1035913
370 72 1036656
728 34 1040736
492 14 1040997
957 349 1041884
915 240 1042522
488 78 1043415
974 188 1044881
929 686 1045822
649 503 1045953
674 25 1046356
96 64 1047497
755 193 1049830
387 9 1049986
345 254 1050270
823 16 1050765
844 374 1059819
352 183 1063300
681 168 1069965
531 494 1070099
837 759 1072460
646 591 1075103
592 255 1075530
579 28 1077946
198 142 1078955
695 260 1083235
402 172 1085891
969 145 1089409
436 262 1090851
769 568 1091557
741 612 1102482
859 567 1105796
406 189 1108075
981 709 1110278
468 296 1112457
434 170 1112476
940 417 1114233
351 234 1114334
527 384 1116919
638 90 1118264
556 437 1118813
441 407 1124540
167 45 1125193
607 199 1126309
939 7 1132509
837 514 1134576
657 290 1135322
894 383 1136183
179 131 1138860
434 140 1141913
506 467 1142900
652 112 1145802
755 147 1148370
828 667 1150328
754 91 1152874
982 890 1154192
697 629 1158267
822 35 1159131
849 271 1160239
903 433 1163070
904 156 1171036
495 160 1173190
975 40 1175827
192 51 1179004
557 545 1182559
807 466 1184744
501 259 1193468
967 745 1197426
940 706 1198683
882 516 1201611
912 677 1205448
737 160 1206765
609 60 1208866
808 704 1211231
923 887 1212769
818 40 1214979
304 295 1219828
180 31 1221855
802 446 1223867
758 112 1236277
528 375 1237262
451 28 1237478
902 627 1238867
762 317 1239211
122 80 1239572
411 271 1240145
504 96 1241948
848 694 1249665
267 20 1253272
547 543 1257730
572 107 1261494
854 324 1263857
841 534 1264445
378 372 1265155
586 245 1265272
746 124 1268311
914 555 1270767
817 241 1276162
896 367 1276183
914 678 1277165
596 265 1280488
803 669 1287315
358 229 1294102
732 21 1298610
313 225 1300385
956 269 1301451
649 536 1307410
544 10 1314302
976 328 1326065
790 601 1326152
838 195 1327636
655 24 1330666
870 312 1333041
154 62 1333692
715 552 1334529
625 15 1334748
576 528 1336326
317 80 1337823
875 280 1340335
104 100 1341426
871 442 1344621
866 308 1347193
336 305 1348788
537 7 1353615
840 641 1354445
876 663 1354907
448 352 1355380
699 362 1356652
999 248 1356863
836 170 1359726
948 883 1359997
962 834 1360130
330 173 1360735
472 346 1361330
891 415 1361364
511 202 1363772
516 467 1366893
850 334 1371242
409 97 1378980
986 752 1379294
701 367 1379714
275 17 1384146
984 720 1388136
991 919 1397205
612 106 1408248
860 272 1409203
977 759 1409903
432 250 1413827
439 15 1413908
519 233 1416094
328 47 1416659
520 206 1418899
920 833 1424995
526 486 1429970
817 630 1431827
540 12 1441117
912 75 1443051
666 26 1444602
187 159 1445544
931 409 1447764
884 697 1451924
675 6 1453637
931 542 1455252
232 141 1458880
695 301 1462653
396 210 1464333
534 412 1474132
553 272 1478089
760 266 1478496
786 742 1482346
418 27 1490136
609 150 1490601
445 405 1492314
604 577 1515261
842 799 1516635
563 526 1521693
932 858 1533193
973 551 1546442
842 264 1557669
217 80 1565577
677 211 1569511
747 313 1580106
943 16 1583217
951 611 1586040
901 403 1590864
168 98 1590946
826 757 1591102
261 64 1593607
652 140 1598537
579 97 1620334
971 884 1620845
401 303 1621959
713 634 1622696
848 699 1625453
709 49 1625868
448 0 1632224
747 696 1633244
85 69 1641511
792 499 1647854
527 50 1648687
933 503 1668407
319 156 1671885
922 174 1683032
932 108 1687191
423 277 1712041
561 530 1716677
275 28 1724004
684 584 1737343
616 262 1750933
432 142 1753237
639 224 1755476
185 2 1778416
796 428 1787669
482 418 1788682
764 324 1791672
105 98 1795981
720 363 1796116
917 616 1799490
860 268 1809543
50 45 1825608
866 811 1858740
847 698 1871172
743 252 1879111
937 845 1880217
308 58 1893983
844 524 1894581
548 170 1901861
165 19 1904836
945 343 1908717
964 353 1913100
824 440 1915151
593 362 1919548
970 341 1932832
998 777 1943245
957 132 1955290
981 944 1965409
745 740 1984949
978 287 1987818
129 124 2010030
714 408 2027071
824 171 2054933
477 473 2070288
851 642 2115150
941 879 2151999
838 667 2154000
650 41 2157517
610 326 2177521
152 66 2215684
554 186 2218035
816 784 2221854
594 289 2222831
464 1 2229076
683 326 2242384
950 187 2255951
695 30 2309983
992 679 2309996
961 513 2333317
315 283 2336641
968 718 2347726
666 82 2355869
337 282 2365867
257 61 2391424
608 549 2394565
993 644 2399595
633 180 2404240
655 571 2447050
874 469 2447896
908 212 2453167
952 920 2453250
614 223 2460006
670 385 2466784
356 244 2468887
933 599 2486317
880 585 2513963
782 778 2529946
864 618 2602137
850 618 2610302
788 37 2634964
917 155 2635447
615 306 2638193
331 32 2649109
814 682 2651339
621 366 2687772
701 636 2707944
946 410 2754986
606 498 2773179
529 41 2839843
810 702 2950556
892 837 2977701
801 373 2989481
954 881 2997119
660 525 3137901
781 429 3240418
930 380 3263325
918 830 3402432
394 95 3483254
967 392 3632960
602 81 3693152
997 708 3855856
70 43 4217236
750 366 4308880
623 479 4407175
