0
599 469 0
854 689 0
461 67 0
926 20 0
800 198 0
543 235 0
837 456 0
379 352 0
457 72 0
321 269 0
851 645 0
822 0 0
766 743 0
327 89 0
959 140 0
818 561 0
843 340 0
978 549 0
966 296 0
728 304 0
735 592 0
671 42 0
731 356 0
881 705 0
953 99 0
599 251 0
694 36 0
618 163 0
817 64 0
457 225 0
521 78 0
996 647 0
946 344 0
926 51 0
785 137 0
879 357 0
71 15 0
630 192 0
955 12 0
704 538 0
572 311 0
915 645 0
694 368 0
409 122 0
169 86 0
783 679 0
871 385 0
787 377 0
621 466 0
510 429 0
599 126 0
335 30 0
436 124 0
682 308 0
969 107 0
815 294 0
977 904 0
830 635 0
961 244 0
877 624 0
362 248 0
722 62 0
932 43 0
839 110 0
888 391 0
830 621 0
823 582 0
962 89 0
365 85 0
445 75 0
855 185 0
374 45 0
897 280 0
746 697 0
770 715 0
543 259 0
431 24 0
783 772 0
735 443 0
439 246 0
775 595 0
472 281 0
634 423 0
760 148 0
653 543 0
580 546 0
989 795 0
573 169 0
673 656 0
913 264 0
664 642 0
919 62 0
496 216 0
759 380 0
373 298 0
919 652 0
528 455 0
260 6 0
986 689 0
934 225 0
824 615 0
667 487 0
160 41 0
147 80 0
555 308 0
176 4 0
450 211 0
758 68 0
806 744 0
865 775 0
737 135 0
932 728 0
870 712 0
940 465 0
941 164 0
764 182 0
921 618 0
618 47 0
629 66 0
976 89 0
536 126 0
589 73 0
580 95 0
854 478 0
870 721 0
839 726 0
685 396 0
296 254 0
553 202 0
728 141 0
310 207 0
992 553 0
883 634 0
788 238 0
961 586 0
647 117 0
897 554 0
977 883 0
535 398 0
519 151 0
984 341 0
771 581 0
303 25 0
616 343 0
936 24 0
499 416 0
286 185 0
742 16 0
411 6 0
640 582 0
932 490 0
893 502 0
876 662 0
338 68 0
850 431 0
920 406 0
649 4 0
979 872 0
146 88 0
960 371 0
355 334 0
528 398 0
427 21 0
247 166 0
853 819 0
932 101 0
805 640 0
987 788 0
906 526 0
808 423 0
303 241 0
232 123 0
277 116 0
653 324 0
851 769 0
946 754 0
538 304 0
577 377 0
513 472 0
535 505 0
349 190 0
901 758 0
730 594 0
674 32 0
839 497 0
557 436 0
651 429 0
333 223 0
362 257 0
681 473 0
968 915 0
419 300 0
862 380 0
727 312 0
652 129 0
736 600 0
821 811 0
774 68 0
909 333 0
653 646 0
748 336 0
919 569 0
494 70 0
160 143 0
244 112 0
411 253 0
715 273 0
664 471 0
284 154 0
701 249 0
779 299 0
835 608 0
399 383 0
598 468 0
883 618 0
421 262 0
758 306 0
794 701 0
843 536 0
958 528 0
110 99 0
440 314 0
417 406 0
450 145 0
822 766 0
982 396 0
893 742 0
714 507 0
946 554 0
409 236 0
508 462 0
265 51 0
987 752 0
741 318 0
568 220 0
628 285 0
553 365 0
506 91 0
206 118 0
567 118 0
481 211 0
217 67 0
754 489 0
902 458 0
952 930 0
839 523 0
808 43 0
927 267 0
981 484 0
909 312 0
831 364 0
167 68 0
797 656 0
368 232 0
907 367 0
176 85 0
726 167 0
560 545 0
841 101 0
660 3 0
851 297 0
740 730 0
979 745 0
898 281 0
933 161 0
415 235 0
838 451 0
999 917 0
400 342 0
504 12 0
720 339 0
986 878 0
932 510 0
699 494 0
628 62 0
831 571 0
336 301 0
299 26 0
580 360 0
632 184 0
959 953 0
739 642 0
627 305 0
705 681 0
396 258 0
980 149 0
687 278 0
800 343 0
111 85 0
807 203 0
457 128 0
331 287 0
881 725 0
946 618 0
988 719 0
620 514 0
808 154 0
510 215 0
930 264 0
981 781 0
761 650 0
231 205 0
503 124 0
956 301 0
876 762 0
217 94 0
962 505 0
651 448 0
416 1 0
452 247 0
175 40 0
141 118 0
739 417 0
805 152 0
550 373 0
849 577 0
956 667 0
790 402 0
915 896 0
949 217 0
800 346 0
663 225 0
756 599 0
385 66 0
972 660 0
468 56 0
673 89 0
718 125 0
328 1 0
775 2 0
699 131 0
480 187 0
996 124 0
701 574 0
619 86 0
571 145 0
812 651 0
428 384 0
898 494 0
586 499 0
930 878 0
984 312 0
787 445 0
428 14 0
758 487 0
178 72 0
696 110 0
951 177 0
597 481 0
901 164 0
333 51 0
931 780 0
588 324 0
643 15 0
751 492 0
582 495 0
628 333 0
366 169 0
931 463 0
725 570 0
694 8 0
377 303 0
887 847 0
874 90 0
700 654 0
299 209 0
89 39 0
938 239 0
912 458 0
788 38 0
537 441 0
933 930 0
575 67 0
991 670 0
943 245 0
892 106 0
689 491 0
786 228 0
921 587 0
956 736 0
956 555 0
613 351 0
680 480 0
901 875 0
866 91 0
504 226 0
793 13 0
776 307 0
320 250 0
672 223 0
540 160 0
900 352 0
855 458 0
497 180 0
301 86 0
816 665 0
152 92 0
925 644 0
616 64 0
983 933 0
983 163 0
871 823 0
194 153 0
684 55 0
834 187 0
432 97 0
380 135 0
853 384 0
657 196 0
972 603 0
944 33 0
900 669 0
744 482 0
422 400 0
987 981 0
936 451 0
579 344 0
242 26 0
598 333 0
608 32 0
926 660 0
951 23 0
668 90 0
992 633 0
967 674 0
867 786 0
151 137 0
549 382 0
779 430 0
886 648 0
723 496 0
527 97 0
259 4 0
927 405 0
900 701 0
150 76 0
502 428 0
577 181 0
90 86 0
751 362 0
599 262 0
617 86 0
986 306 0
370 147 0
332 237 0
879 710 0
985 652 0
848 625 0
340 196 0
457 222 0
485 22 0
945 784 0
662 104 0
606 110 0
741 729 0
972 875 0
923 717 0
366 148 0
638 113 0
969 274 0
867 422 0
872 91 0
531 391 0
997 764 0
409 128 0
743 139 0
675 497 0
654 331 0
943 624 0
958 677 0
441 36 0
412 244 0
623 269 0
323 136 0
624 580 0
731 223 0
620 423 0
860 116 0
503 195 0
348 228 0
498 215 0
722 690 0
897 752 0
370 103 0
632 620 0
713 202 0
740 612 0
583 541 0
964 371 0
952 803 0
325 1 0
995 942 0
907 347 0
741 344 0
194 96 0
408 199 0
356 179 0
669 558 0
581 225 0
601 0 0
979 514 0
962 401 0
639 581 0
756 534 0
554 216 0
839 814 0
665 552 0
712 699 0
832 187 0
365 126 0
848 473 0
662 476 0
100 13 0
686 366 0
847 612 0
482 4 0
601 97 0
691 163 0
764 283 0
584 264 0
709 534 0
414 17 0
865 22 0
991 930 0
647 283 0
713 120 0
567 157 0
686 44 0
339 254 0
864 601 0
960 604 0
627 478 0
791 89 0
660 420 0
737 50 0
756 154 0
390 101 0
392 252 0
198 93 0
614 194 0
819 736 0
410 405 0
585 513 0
807 545 0
516 88 0
691 533 0
785 419 0
422 326 0
748 591 0
978 864 0
956 701 0
964 628 0
834 723 0
734 464 0
921 191 0
404 171 0
189 178 0
688 240 0
709 261 0
427 195 0
907 673 0
841 444 0
574 29 0
462 53 0
954 268 0
292 213 0
850 768 0
928 401 0
127 26 0
945 51 0
956 436 0
564 41 0
869 462 0
679 125 0
596 544 0
724 13 0
400 183 0
935 853 0
763 184 0
958 561 0
534 406 0
702 133 0
859 696 0
378 274 0
21 8 0
582 98 0
387 373 0
581 310 0
561 427 0
901 122 0
396 191 0
318 113 0
859 94 0
692 54 0
756 373 0
565 249 0
782 620 0
989 57 0
814 125 0
947 402 0
301 0 0
949 836 0
362 184 0
879 49 0
486 382 0
937 637 0
271 194 0
518 137 0
945 78 0
558 296 0
742 133 0
585 407 0
319 188 0
947 794 0
927 612 0
522 58 0
655 128 0
460 337 0
915 382 0
585 316 0
541 332 0
917 510 0
425 47 0
488 180 0
684 80 0
486 204 0
849 409 0
747 339 0
969 479 0
594 528 0
887 313 0
767 399 0
867 428 0
939 601 0
963 356 0
501 118 0
551 226 0
944 2 0
443 367 0
709 518 0
102 14 0
827 101 0
969 917 0
826 347 0
805 673 0
554 112 0
901 703 0
597 362 0
945 116 0
723 37 0
828 650 0
911 453 0
624 544 0
779 501 0
205 27 0
702 676 0
665 578 0
133 96 0
572 430 0
600 359 0
411 389 0
389 373 0
129 40 0
952 290 0
646 106 0
821 328 0
961 60 0
494 186 0
909 309 0
890 679 0
955 886 0
733 302 0
330 17 0
632 208 0
449 306 0
676 375 0
353 254 0
768 26 0
416 192 0
908 480 0
989 567 0
562 295 0
501 198 0
852 389 0
208 158 0
921 393 0
624 501 0
853 219 0
481 272 0
641 83 0
398 374 0
644 535 0
311 104 0
633 256 0
598 108 0
678 41 0
636 18 0
455 369 0
826 50 0
931 322 0
799 96 0
507 317 0
950 477 0
910 183 0
632 403 0
807 18 0
950 239 0
503 73 0
802 540 0
988 14 0
916 351 0
440 411 0
976 193 0
463 257 0
800 315 0
623 167 0
917 734 0
880 807 0
526 38 0
685 541 0
730 674 0
203 195 0
355 319 0
441 138 0
428 397 0
278 163 0
770 69 0
595 423 0
362 10 0
909 692 0
830 496 0
923 721 0
716 185 0
955 144 0
276 164 0
201 179 0
658 161 0
741 42 0
898 50 0
965 486 0
685 529 0
631 305 0
733 582 0
971 842 0
901 399 0
268 185 0
753 385 0
880 844 0
556 12 0
973 642 0
456 446 0
242 9 0
837 54 0
493 287 0
681 438 0
650 280 0
868 38 0
927 796 0
697 351 0
298 134 0
556 327 0
882 602 0
294 73 0
452 137 0
150 110 0
902 615 0
319 94 0
816 727 0
246 37 0
799 404 0
929 424 0
708 201 0
706 515 0
768 233 0
311 88 0
405 11 0
854 23 0
773 458 0
746 671 0
778 436 0
325 55 0
995 931 0
602 587 0
716 704 0
905 696 0
975 19 0
924 49 0
678 155 0
683 602 0
695 26 0
976 666 0
676 243 0
493 248 0
669 626 0
366 142 0
732 284 0
713 509 0
802 382 0
435 92 0
857 834 0
970 896 0
639 447 0
869 420 0
234 135 0
804 2 0
971 651 0
260 220 0
904 659 0
473 346 0
894 611 0
548 77 0
776 578 0
615 224 0
442 196 0
588 337 0
990 190 0
764 77 0
743 530 0
704 454 0
826 252 0
844 288 0
440 130 0
810 330 0
743 388 0
702 329 0
554 279 0
748 27 0
953 376 0
714 300 0
144 31 0
938 711 0
997 115 0
955 520 0
671 109 0
808 82 0
913 903 0
461 159 0
983 100 0
750 274 0
517 228 0
970 524 0
592 200 0
59 54 0
247 119 0
930 349 0
328 35 0
177 83 0
576 50 0
951 590 0
617 474 0
197 108 0
672 273 0
801 419 0
275 151 0
467 178 0
919 894 0
918 395 0
446 424 0
933 282 0
382 381 0
792 394 0
822 688 0
34 25 0
764 229 0
566 492 0
938 394 0
829 157 0
213 197 0
749 743 0
454 49 0
562 490 0
891 506 0
914 492 0
789 758 0
738 76 0
888 833 0
622 8 0
624 434 0
863 300 0
788 637 0
744 81 0
950 644 0
250 228 0
957 28 0
795 30 0
948 783 0
836 610 0
957 315 0
928 470 0
199 133 0
783 433 0
706 431 0
797 330 0
483 272 0
737 121 0
724 293 0
547 333 0
899 669 0
899 212 0
593 257 0
707 127 0
566 522 0
899 873 0
605 301 0
426 194 0
809 211 0
386 313 0
953 500 0
994 572 0
777 723 0
235 214 0
487 71 0
437 369 0
833 813 0
847 531 0
688 372 0
794 221 0
418 223 0
940 815 0
661 154 0
928 132 0
337 149 0
832 511 0
889 302 0
666 218 0
619 65 0
768 61 0
724 291 0
306 136 0
512 294 0
345 255 0
751 345 0
413 144 0
977 227 0
993 821 0
918 137 0
797 174 0
980 840 0
861 296 0
858 175 0
694 607 0
351 170 0
577 84 0
723 525 0
577 19 0
297 7 0
554 358 0
755 291 0
238 165 0
881 74 0
930 156 0
811 559 0
846 47 0
563 425 0
266 30 0
350 335 0
974 15 0
884 582 0
941 475 0
705 361 0
874 52 0
980 609 0
856 266 0
542 463 0
903 289 0
820 207 0
851 270 0
910 757 0
727 453 0
715 210 0
713 363 0
274 46 0
443 114 0
920 765 0
824 798 0
572 168 0
172 95 0
303 5 0
885 546 0
693 469 0
922 311 0
954 539 0
845 271 0
230 77 0
172 87 0
470 48 0
354 40 0
825 250 0
120 105 0
263 191 0
697 63 0
532 395 0
698 450 0
781 173 0
889 79 0
902 162 0
895 606 0
878 459 0
998 342 0
