-1706626584
502 282 7378
631 207 11340
208 55 34374
397 225 35902
873 664 36348
78 70 49223
811 727 49890
829 401 63606
415 170 67470
626 240 67968
855 728 68653
587 216 81002
461 430 82893
904 824 86065
236 178 87049
138 56 89441
651 223 97014
778 179 110711
959 746 111955
403 322 120244
629 502 123891
539 465 124051
714 273 125765
283 161 135215
813 777 135414
708 211 135444
586 577 140965
880 151 144867
980 858 145774
957 492 147110
310 239 153700
839 833 164303
737 365 173077
302 263 175050
421 231 179860
766 566 188921
539 10 195164
981 611 196945
745 243 207464
630 498 207511
850 788 217279
470 52 218350
504 42 220481
914 754 226509
799 430 227683
201 109 243434
511 321 249199
984 792 253224
453 295 258057
972 797 259435
523 183 264539
221 124 269583
843 763 270417
320 220 272466
697 277 275575
841 259 282247
985 929 291387
795 395 293031
681 225 298822
989 733 301173
987 726 303848
866 542 307803
663 632 308498
896 892 313302
917 310 321836
840 655 327520
678 10 331228
827 189 333179
142 96 334787
797 101 334956
679 483 337599
776 329 342922
259 212 343399
606 474 344219
756 497 346311
766 140 352974
285 69 356560
944 926 358753
538 52 366292
811 428 369632
877 554 371727
988 239 374625
699 148 381787
932 644 389429
917 274 395278
573 115 399079
485 331 402939
786 357 409889
469 205 409985
829 229 415604
746 450 421668
768 339 423489
634 287 443506
970 779 445822
254 20 447533
418 50 457711
924 162 459556
816 155 464636
658 526 467385
897 570 467699
577 324 475205
445 114 488887
933 298 491378
438 154 494817
816 9 495369
858 264 496265
979 161 498150
873 567 510028
249 71 512863
799 759 513841
991 832 514523
527 48 516901
929 807 517505
738 103 518524
281 64 520951
801 240 527385
942 492 529409
978 249 535480
507 311 537952
998 273 540981
881 724 546491
842 199 547299
238 16 554579
701 558 558711
678 369 558851
462 178 567598
645 553 576721
668 526 579534
948 211 581469
964 921 584920
840 467 592151
515 386 593394
727 8 600232
932 493 604765
913 467 612095
778 502 615218
655 115 618512
343 119 619788
480 173 621287
749 669 622149
947 58 625160
231 177 625332
434 218 626590
987 279 627774
187 153 629469
189 110 634118
416 209 636921
860 662 646945
952 540 658251
646 484 661548
691 605 673613
501 265 674788
294 46 683428
697 139 688065
244 5 717672
326 102 720519
641 331 722913
942 572 725364
870 355 726394
865 517 737565
347 180 740413
481 412 741786
738 454 742745
742 10 743117
685 589 745932
814 390 750120
902 320 763711
595 209 767727
940 105 775435
807 303 775819
483 48 779964
836 145 780809
379 180 785145
853 762 788463
724 101 805496
819 15 815775
572 470 816223
808 792 821351
615 148 825806
553 374 827723
802 521 829399
350 95 830370
643 546 832186
576 40 833607
540 528 836606
875 331 846065
865 93 854764
815 58 855091
886 541 862382
468 393 864789
485 181 868075
526 239 878862
783 38 882033
841 44 882580
108 51 882767
539 262 883826
794 469 886432
608 227 888743
474 430 890245
240 18 892517
660 343 895775
980 583 900076
392 173 915596
999 831 923644
712 669 926491
924 541 927116
379 204 928561
216 127 934351
961 847 938236
968 347 938619
687 381 940239
441 361 947089
564 383 950164
946 162 954203
381 304 954298
222 70 958438
356 68 958994
930 112 965526
762 566 966093
991 193 972075
498 208 976962
745 143 981751
592 279 987433
958 799 993272
976 800 994313
981 942 995852
301 185 1013028
250 86 1028794
570 221 1030622
725 428 1033835
667 13 1038193
733 638 1043190
900 643 1047846
909 281 1051349
397 9 1051433
739 415 1053475
153 11 1054989
608 551 1060297
416 141 1063332
621 214 1063427
623 599 1068895
520 442 1069040
971 703 1069946
325 49 1075914
638 192 1079007
935 663 1079189
802 544 1079548
532 432 1080621
973 919 1080796
738 32 1082383
272 34 1089243
542 98 1098852
974 661 1099491
954 722 1100464
585 435 1102770
570 533 1107828
645 520 1111564
897 824 1112144
886 171 1115630
107 5 1115824
470 402 1122198
539 318 1128198
911 252 1129156
838 677 1137931
841 92 1143929
740 448 1161677
628 612 1170529
887 681 1181134
809 661 1184500
928 126 1185815
714 606 1201309
457 23 1203703
868 376 1207792
791 746 1209138
467 244 1209280
842 53 1221395
901 293 1223860
913 640 1227402
553 459 1231350
639 550 1231794
838 363 1242840
460 113 1251235
724 261 1252699
860 626 1264031
932 679 1266670
400 205 1274962
750 545 1275558
906 110 1279123
827 553 1280065
593 46 1283245
619 544 1285867
764 179 1286687
577 552 1288052
690 25 1294951
437 108 1299521
529 493 1304770
766 732 1309954
428 184 1315098
746 678 1316071
700 523 1317491
938 18 1319334
791 235 1322908
791 329 1326381
809 433 1334960
964 615 1336882
481 104 1338510
714 212 1342893
690 236 1345674
720 415 1347893
984 268 1349055
330 100 1352205
666 338 1357208
502 485 1359123
341 339 1376630
594 95 1377972
840 239 1378025
733 336 1380038
369 194 1380592
832 50 1383633
936 158 1392671
639 166 1394595
847 813 1396257
236 134 1409648
616 35 1409750
686 288 1410403
979 692 1413743
709 204 1416406
917 15 1416916
710 530 1417603
737 526 1421905
510 397 1428672
468 417 1433032
674 516 1435867
419 397 1437032
482 457 1438762
724 383 1440044
520 255 1443157
415 63 1450760
604 90 1451639
718 480 1452987
373 45 1456052
987 341 1456854
527 139 1458024
944 149 1463017
981 670 1474301
240 73 1481672
300 198 1499247
447 159 1500629
771 4 1501027
356 7 1504370
540 135 1504701
891 96 1505636
381 109 1508494
659 383 1512455
577 110 1515219
427 82 1520707
853 209 1525668
601 259 1527254
514 267 1527681
816 263 1529526
828 128 1538014
922 339 1539792
829 287 1543570
909 2 1543895
552 288 1548644
761 695 1554827
910 838 1563846
858 548 1565002
622 173 1567803
717 631 1569714
969 398 1573080
475 3 1577995
747 607 1581125
745 179 1581470
354 244 1598624
536 93 1600454
872 98 1602129
140 99 1611003
918 715 1618863
305 300 1619721
964 816 1623890
410 362 1624661
733 100 1636953
596 14 1638876
712 271 1641534
638 173 1644669
435 405 1644857
913 33 1645002
781 87 1647593
928 398 1649830
351 296 1658792
958 290 1658951
945 918 1667324
771 497 1676722
724 128 1682520
878 736 1694345
772 685 1695015
225 216 1703460
635 35 1705228
764 495 1707761
566 41 1719566
290 1 1720337
268 250 1727296
135 97 1733718
560 34 1736789
502 371 1742078
498 238 1752121
584 432 1752955
763 338 1758911
988 139 1761017
343 228 1767043
668 567 1769782
615 173 1774235
440 33 1775542
642 170 1777333
954 520 1777504
654 56 1782099
960 253 1784863
891 708 1787656
897 345 1788623
805 432 1790846
918 187 1792719
641 255 1800884
950 101 1813169
656 299 1814123
982 648 1821846
376 292 1823174
882 291 1826413
497 469 1826711
561 347 1837263
196 181 1842930
933 906 1843048
327 134 1847580
442 275 1851480
316 249 1852031
598 11 1852084
463 274 1852997
770 256 1854727
185 174 1857109
735 75 1861269
587 207 1868525
97 51 1868751
788 183 1871413
865 133 1873673
998 761 1875019
166 40 1883121
832 828 1885393
574 542 1885717
542 435 1889389
782 102 1893233
873 798 1893577
518 102 1896084
161 100 1896861
104 95 1916093
186 62 1919318
813 622 1922684
677 627 1924444
886 568 1951406
975 637 1970936
769 533 1981981
746 5 1984421
408 138 1987224
783 392 1997599
848 499 2002629
850 531 2004700
343 153 2007538
972 738 2010676
892 872 2013521
891 694 2019694
996 921 2019824
886 498 2020193
597 392 2025178
504 221 2027150
843 376 2031763
963 692 2032240
837 20 2036902
790 224 2042330
896 572 2044892
932 651 2048389
792 585 2050059
911 478 2050605
864 563 2051594
600 418 2053501
990 940 2055048
265 11 2058952
832 246 2059726
405 376 2073574
977 131 2075828
371 83 2082301
516 220 2086688
951 578 2090182
594 366 2094522
641 512 2094891
325 77 2103790
749 657 2106675
990 306 2109941
776 437 2110477
360 174 2110861
776 409 2119543
367 181 2121312
417 37 2124164
652 241 2126187
537 387 2139445
976 591 2142240
961 344 2144288
177 116 2149904
862 222 2151089
741 261 2162706
954 826 2164669
532 214 2165764
745 688 2166089
649 495 2170549
570 481 2174716
567 462 2175995
746 552 2176865
428 283 2178598
912 554 2189434
969 833 2190383
627 147 2191043
754 494 2191073
944 673 2196004
555 415 2196543
336 196 2198269
714 495 2200199
686 86 2201167
786 135 2206486
42 24 2213137
695 479 2213231
565 180 2214473
802 594 2215604
796 661 2217668
855 278 2219030
929 848 2220799
345 135 2223525
684 110 2227176
554 397 2229727
858 449 2230814
423 331 2234549
941 358 2234710
436 416 2243573
219 142 2244259
797 14 2246148
910 771 2247234
361 82 2248539
541 18 2254976
721 392 2257382
219 8 2259659
625 482 2275234
569 204 2279912
474 80 2281155
908 805 2283819
812 93 2291556
799 779 2292034
356 260 2295370
883 516 2295986
902 865 2299553
559 100 2302765
987 691 2302973
704 589 2305325
957 209 2305553
604 285 2311763
653 48 2313472
586 443 2315504
812 566 2326279
783 782 2328491
628 620 2338293
991 44 2339507
327 213 2342239
705 370 2344291
946 145 2352911
675 148 2362172
528 353 2363554
509 355 2375196
627 282 2379751
441 209 2383216
706 337 2384882
689 629 2386603
466 362 2389697
596 447 2391809
132 80 2393690
602 350 2394481
269 29 2404781
384 219 2410052
475 139 2411153
466 328 2418036
938 526 2425190
738 199 2427405
947 699 2429242
281 46 2429756
414 3 2434103
478 28 2435177
916 805 2441119
348 55 2442390
704 232 2445035
614 460 2452347
924 249 2454444
943 432 2457716
860 299 2459713
665 283 2478279
922 57 2478646
458 420 2479044
851 488 2483448
587 411 2484410
368 183 2487666
935 372 2494773
401 221 2496200
743 48 2497801
253 84 2498899
925 252 2501401
637 95 2507127
339 135 2516649
912 69 2516657
756 380 2518442
81 19 2519285
996 861 2533499
722 31 2533959
494 430 2542947
955 277 2547064
555 270 2548560
989 308 2551258
194 78 2553718
585 368 2554035
691 304 2568381
466 286 2580448
749 49 2583835
599 18 2586117
980 69 2590495
902 800 2595172
338 293 2613098
541 347 2613358
734 597 2633625
931 288 2651529
454 355 2663946
894 493 2664564
716 376 2666330
489 316 2666739
417 409 2674697
319 195 2678551
890 456 2678573
723 533 2690944
930 608 2702212
807 393 2707653
458 381 2726018
699 231 2731892
325 29 2749986
970 578 2752204
745 590 2764955
712 457 2774056
892 547 2779243
740 655 2780001
980 806 2782037
228 220 2785160
985 916 2785847
833 585 2788676
993 649 2790681
722 2 2799830
720 692 2800426
520 226 2802036
669 43 2811334
687 464 2812640
469 232 2817875
937 70 2819905
972 752 2830959
906 471 2858569
990 314 2866440
934 889 2873187
303 215 2879349
809 753 2882867
579 54 2883735
803 151 2888723
190 182 2895778
826 487 2896764
978 703 2909703
620 315 2917723
451 434 2918928
550 121 2933692
930 383 2940824
935 752 2941368
663 643 2969101
976 125 2980178
613 326 2984128
539 84 2988434
707 428 2990318
810 351 2995164
135 40 3007715
824 817 3007905
675 322 3011098
966 3 3011311
775 272 3015469
722 61 3027091
673 307 3030337
934 554 3042509
765 428 3048173
766 676 3049287
384 76 3050566
859 306 3056689
935 652 3079460
692 352 3082581
545 354 3084346
949 249 3089105
958 581 3096946
543 26 3105655
667 481 3109772
857 271 3113249
930 522 3147176
492 258 3152960
437 87 3159312
576 256 3160597
767 110 3166374
508 441 3175526
743 242 3176814
325 80 3179704
785 243 3185273
551 395 3200552
654 242 3202693
543 115 3204685
629 254 3225718
790 320 3230693
888 105 3237871
323 223 3246284
571 356 3247521
828 787 3255486
860 445 3269831
644 537 3295705
383 362 3303016
691 562 3314996
932 682 3315059
944 147 3322822
316 36 3324835
522 39 3326802
191 133 3343545
354 156 3347871
553 111 3355012
260 250 3364138
958 17 3370790
354 198 3384780
660 633 3387801
845 604 3389959
888 680 3392202
735 239 3394590
610 584 3405558
721 476 3411259
648 234 3412176
535 505 3416790
856 698 3437556
872 696 3446553
564 309 3463993
846 297 3465941
163 156 3479361
945 456 3498493
859 466 3500803
878 186 3506519
672 467 3510120
511 65 3516604
582 550 3519935
719 308 3523561
977 180 3535046
477 326 3543904
288 151 3550398
711 209 3553096
879 329 3556043
439 211 3558644
705 161 3558836
519 58 3567317
393 47 3572669
810 371 3589641
429 79 3599852
821 264 3610380
297 61 3646981
414 117 3657616
295 196 3658637
498 394 3715102
760 488 3716978
500 265 3729254
315 5 3758604
768 378 3767252
659 399 3787377
936 133 3793556
337 294 3828887
876 864 3846418
675 413 3856967
956 731 3865234
523 251 3892712
750 373 3901424
855 254 3909269
407 129 3926720
617 48 3926847
450 313 3932923
433 59 3957662
543 152 3966866
293 157 4000143
835 743 4000213
222 206 4001920
748 349 4009116
923 182 4023609
512 396 4027580
749 603 4028025
701 177 4033546
986 30 4037583
953 694 4037677
484 265 4065700
755 317 4080300
739 230 4124264
261 217 4139665
844 177 4144629
371 252 4149011
927 902 4158959
834 730 4166369
885 614 4178702
460 382 4179375
773 515 4191981
246 67 4192208
984 893 4254823
898 584 4255743
828 424 4258525
976 919 4291315
404 352 4293595
766 276 4301120
876 604 4303923
760 684 4305700
796 269 4310996
903 433 4315566
388 86 4326004
452 206 4335761
174 86 4338664
831 11 4342256
359 0 4348905
856 775 4351884
322 94 4360041
982 127 4372998
916 438 4390019
332 329 4392873
129 87 4397310
771 710 4405590
976 789 4405823
817 647 4446585
580 121 4446773
422 211 4475256
999 27 4498707
949 434 4517968
507 1 4524187
997 654 4540563
321 279 4542415
884 722 4543732
822 48 4547570
893 702 4554556
460 420 4555887
731 726 4557661
237 45 4563856
250 30 4569489
357 160 4587212
882 653 4601097
644 168 4618493
905 474 4631515
528 524 4639822
313 122 4646401
994 871 4697182
490 338 4702146
801 284 4731370
766 744 4736800
618 468 4742920
767 167 4749933
409 340 4752002
999 349 4800309
615 406 4845660
574 91 4849261
925 35 4850906
609 272 4855766
873 560 4859627
266 189 4861131
885 202 4879862
867 126 4911843
992 9 4915838
535 29 4933880
652 624 4946071
992 118 4946342
871 579 4998953
494 317 5012892
874 206 5042543
479 289 5045003
318 130 5053994
886 588 5066766
556 304 5072874
694 137 5086880
623 446 5089557
651 425 5107306
389 150 5115622
774 763 5147104
923 644 5167543
878 662 5169527
683 533 5239003
988 431 5241828
499 486 5245156
820 158 5267073
226 165 5272803
182 144 5291430
491 462 5303899
66 20 5311665
377 45 5314140
342 321 5332574
385 170 5345572
780 28 5352540
994 595 5356491
428 60 5379382
402 6 5395554
897 496 5447253
830 411 5453107
666 203 5457370
713 273 5467996
587 248 5507346
425 195 5510006
818 150 5523755
869 111 5554241
472 351 5561667
758 31 5576160
823 797 5579583
693 431 5598045
587 359 5629651
388 386 5647504
967 442 5670977
358 310 5703041
751 87 5721490
895 503 5732994
549 478 5790848
730 168 5806222
787 757 5833929
688 514 5852650
506 44 5865255
271 12 5902740
577 557 5916923
401 364 5997503
895 339 6048136
814 475 6051396
962 574 6074617
915 847 6145829
996 169 6182581
852 585 6203587
899 141 6237976
384 280 6271751
644 106 6312771
863 32 6316773
965 948 6320534
650 241 6323657
940 79 6359073
779 175 6460360
333 146 6477337
924 176 6492377
849 721 6529462
679 473 6541197
636 626 6543933
747 718 6562967
488 197 6589549
495 123 6599713
818 397 6601326
263 245 6627330
275 247 6660614
854 478 6684583
717 188 6728883
634 88 6777632
554 426 6795431
636 21 6935108
931 346 6993864
989 22 7018088
595 391 7070626
908 513 7091229
913 729 7112401
730 335 7121424
533 312 7277560
613 81 7286659
470 89 7308808
989 784 7386691
444 9 7572075
977 120 7648322
907 378 7925922
891 375 8014240
261 257 8098165
853 85 8105870
789 575 8367218
413 146 8416136
334 152 8609478
236 233 8617055
793 446 8680973
995 933 8704484
548 200 8731572
920 249 8893112
825 140 8899115
939 770 8925829
210 106 9581179
525 317 9861045
455 86 10258953
804 332 10854664
297 74 11294029
164 101 11385272
352 136 11601364
761 72 11715204
534 71 13519395
172 20 13959664
983 735 14355576
671 450 16150539
