-1732197031
567 398 10642
916 553 19391
861 199 20312
922 674 25535
190 185 27786
552 263 36240
976 437 36925
321 18 39668
621 35 39905
958 342 45928
993 958 46266
838 340 48989
905 507 56246
770 106 57150
494 29 57367
994 507 62553
718 84 66026
809 292 66422
974 932 69458
228 123 72012
360 122 88892
599 321 92114
905 6 92655
565 488 93873
745 295 94158
748 667 96660
870 502 101791
880 589 109096
962 536 111788
702 67 125023
739 520 128469
853 534 134956
583 244 139146
292 84 144584
866 437 147230
918 317 147411
454 71 162016
394 68 162485
491 162 184615
746 704 184855
846 16 193698
979 678 195740
538 236 199704
453 447 210291
911 422 212483
875 792 216143
221 142 222402
653 243 225833
534 512 227214
778 446 233243
945 301 235508
605 282 237804
709 630 244574
244 13 245058
977 432 246718
693 476 263925
685 446 266090
674 613 268598
853 353 279854
940 134 299150
841 54 299349
717 269 300603
675 366 301721
728 233 304459
192 188 318226
785 477 322608
128 94 327981
913 718 334158
232 79 345340
618 425 350075
795 365 350930
529 191 351378
277 6 355771
592 445 369933
803 634 372524
339 92 374988
880 352 382694
839 320 383254
909 455 383861
937 447 384773
865 229 385559
664 530 386996
286 225 388291
627 269 396802
928 693 398357
141 1 410750
229 120 414392
664 300 421086
706 486 424154
675 428 424587
808 722 427985
258 113 428136
534 303 429094
301 147 431503
825 695 434711
730 469 439267
375 106 442551
882 656 442861
739 299 451131
942 535 453712
700 532 458225
521 313 462281
405 246 471726
318 259 475655
570 328 476128
771 56 477792
749 299 487656
431 37 490686
817 483 493254
385 193 496343
877 694 501057
885 322 509074
787 576 512286
717 229 519089
367 242 521378
585 470 527395
579 24 540181
735 178 541025
683 340 542157
808 12 543230
508 253 544952
164 42 546325
777 478 550375
255 170 553775
581 429 555011
305 186 556409
798 430 556887
315 13 557789
901 43 561437
926 168 562421
781 51 569337
462 306 569410
799 168 574088
707 625 574132
572 361 574336
840 692 576390
602 373 578998
465 449 579208
900 636 580025
904 828 580442
577 50 580999
808 498 581026
331 185 586537
947 824 589407
537 450 590572
564 255 594313
336 298 605316
647 428 611294
812 52 614213
442 185 617074
813 208 617462
530 191 619328
286 139 619954
171 110 625977
589 328 636472
647 251 643370
104 11 649717
880 545 658878
795 58 660644
385 149 661477
626 442 662373
612 103 676965
966 327 685556
566 189 696216
788 305 706498
424 312 709420
516 225 713052
997 771 720197
519 47 721468
208 18 727854
917 827 728782
181 139 729904
874 485 730225
881 678 735368
676 396 744483
529 311 745762
507 335 746309
629 260 752860
835 625 752882
722 178 758032
463 93 761085
254 1 761996
810 559 763278
224 26 771024
421 28 774365
798 674 776083
611 68 778487
351 119 781879
901 648 789691
818 196 792057
849 740 793426
822 323 795264
760 15 795889
993 330 797222
892 301 798160
956 249 798809
813 802 799335
564 126 803563
970 300 806869
330 10 807058
547 537 807955
536 94 809063
990 845 812114
296 135 812821
946 796 819000
352 323 819974
388 261 820683
451 273 824926
966 870 828032
724 371 834581
453 29 835482
331 179 836078
721 296 839360
686 624 856183
421 289 863587
614 70 865706
475 456 874007
452 28 874863
657 372 880812
468 284 902450
673 257 902903
569 353 903339
191 179 913672
496 17 930458
513 123 938669
773 525 941274
992 529 943963
602 141 944701
787 711 945543
995 509 945770
243 7 957491
850 385 967951
636 176 970345
815 812 974941
948 77 983483
745 496 1002644
882 360 1003996
788 565 1011250
687 338 1014625
992 653 1019515
515 138 1042997
965 501 1043879
892 17 1051596
597 467 1052506
540 181 1058552
717 282 1059219
717 575 1061972
350 260 1063149
816 149 1071404
559 503 1074680
986 848 1076033
948 308 1076817
329 46 1079072
333 152 1079247
738 453 1082972
487 41 1088183
626 523 1089631
868 829 1094383
616 293 1097249
599 286 1110574
471 154 1112586
860 144 1124475
277 130 1127873
710 394 1136181
183 61 1137821
916 609 1146105
849 200 1154718
864 468 1176390
278 102 1190344
476 263 1190799
909 788 1191575
639 19 1193072
469 58 1199641
607 357 1200605
249 14 1206740
950 851 1212301
433 4 1215719
702 568 1218582
960 739 1221704
945 267 1228056
754 43 1237582
738 242 1242681
228 15 1246255
499 181 1249767
827 396 1255973
796 140 1256887
532 355 1258936
776 50 1259078
769 686 1264702
770 97 1275997
553 279 1278960
658 74 1285040
465 304 1286665
901 202 1288985
522 166 1294519
520 242 1301787
553 164 1304292
879 57 1312260
897 613 1327948
669 184 1329194
992 446 1330318
857 527 1331711
790 381 1346757
498 180 1347809
891 581 1351154
606 440 1352900
723 223 1354526
858 355 1356662
291 149 1362501
398 328 1362923
534 260 1364506
601 565 1364628
585 36 1369351
658 359 1386469
851 464 1391306
229 223 1391976
317 83 1394996
980 295 1395972
864 421 1399083
997 155 1409891
951 169 1412313
294 47 1417420
106 5 1418265
635 133 1421505
529 154 1421967
773 100 1425678
832 813 1428940
227 177 1443061
268 114 1443405
915 330 1453991
681 598 1458092
928 104 1462662
758 472 1467273
620 367 1467990
568 352 1469454
939 518 1471366
849 199 1472754
361 134 1477346
751 354 1478128
946 24 1479493
346 94 1487303
701 4 1502049
770 176 1502379
784 134 1503330
929 443 1513033
869 238 1513709
789 57 1519654
303 82 1529170
945 390 1531114
882 267 1531304
857 731 1550453
869 668 1550607
764 558 1560210
146 37 1582575
909 247 1588360
910 584 1593593
972 910 1593654
579 310 1604438
896 524 1605176
680 36 1607086
879 797 1611943
206 160 1616628
730 81 1616959
895 815 1617151
433 310 1618705
952 923 1624943
543 284 1627139
553 157 1645211
531 301 1646077
999 352 1655684
776 704 1655935
996 303 1663485
817 598 1665373
816 39 1666979
982 709 1669740
480 281 1674943
991 84 1677814
757 383 1678185
707 89 1684469
796 204 1687752
849 541 1691028
820 162 1697556
545 59 1701553
429 75 1708273
717 36 1715158
400 390 1718755
931 190 1719029
865 471 1721151
607 108 1721467
748 309 1730304
574 14 1735893
476 411 1739257
763 197 1750447
533 502 1752044
907 142 1752243
196 125 1752846
268 83 1754455
830 194 1758961
284 188 1759178
836 245 1762583
233 204 1765478
219 136 1766765
689 598 1768415
726 403 1770399
512 434 1771678
368 360 1772609
581 131 1776066
720 215 1776969
693 248 1777267
162 55 1782774
438 25 1787233
627 438 1809994
675 579 1810520
920 601 1816966
397 25 1817368
279 103 1817799
871 407 1818336
972 128 1818583
464 6 1818774
364 168 1820153
681 440 1821323
656 322 1824386
253 87 1824588
835 506 1825730
719 316 1826807
322 36 1837659
516 401 1848239
555 248 1850451
131 65 1858889
470 187 1865883
865 29 1866911
775 685 1883891
552 484 1894828
884 878 1899446
964 35 1899975
667 505 1900229
152 108 1902546
670 659 1904844
694 62 1908246
732 274 1916678
524 461 1918373
320 268 1921478
981 510 1923274
687 621 1926776
967 326 1928895
755 593 1934228
934 807 1942993
943 696 1943331
730 575 1945767
296 63 1958690
829 449 1960858
603 409 1962301
434 16 1962835
806 307 1966281
351 31 1971321
319 115 1973099
702 161 1975000
902 761 1979840
823 58 1980609
996 109 1981973
468 62 1982160
810 320 1989819
884 573 1994220
837 275 1996979
956 399 1998321
728 239 2006205
604 556 2007139
592 516 2007583
563 317 2007799
620 614 2008803
463 346 2012061
930 478 2015362
599 328 2016733
916 893 2020157
800 7 2030623
907 412 2032316
895 629 2032616
747 332 2046335
238 149 2054271
799 516 2056495
920 459 2060232
973 44 2066349
238 216 2071266
493 45 2071854
872 760 2074402
772 510 2081213
928 9 2084934
668 557 2088688
368 150 2090066
714 76 2094290
836 244 2097171
890 657 2108537
289 139 2133659
171 116 2136779
328 170 2144409
868 135 2145714
872 856 2149539
991 802 2154288
873 133 2158823
398 101 2163639
828 542 2177846
919 870 2179321
492 300 2180039
708 681 2180580
646 592 2184988
939 820 2191924
487 440 2195072
409 49 2197070
802 388 2203729
819 127 2204469
923 286 2212078
826 332 2219128
367 199 2220762
976 375 2225824
904 416 2228261
713 689 2232296
848 767 2242493
920 825 2252386
844 753 2253005
757 103 2253868
185 127 2258290
914 720 2259226
425 403 2261405
647 626 2268423
620 413 2275758
738 713 2279492
366 364 2294049
856 853 2301848
538 399 2303385
953 596 2305355
960 621 2310700
516 205 2326599
946 478 2328275
853 709 2332414
695 243 2343511
912 860 2345933
489 209 2348830
830 231 2353159
878 540 2357324
782 314 2366667
974 538 2366948
295 11 2374255
971 433 2375561
713 371 2382615
806 753 2383061
845 382 2384298
791 479 2384393
960 178 2387241
971 42 2387561
226 86 2390478
803 464 2394261
866 807 2401855
954 197 2404073
913 900 2405586
904 104 2416939
734 78 2420863
551 416 2428332
366 291 2428366
875 105 2436976
791 715 2438648
651 262 2449476
791 445 2450517
589 303 2451523
520 424 2455554
921 668 2456159
525 6 2458926
414 105 2461060
686 669 2468060
344 41 2469273
342 318 2488393
883 34 2489767
907 798 2497920
513 372 2502091
644 452 2513229
405 366 2522514
639 638 2525677
562 324 2527855
372 212 2531435
530 219 2546345
790 726 2552240
498 403 2556372
998 794 2557149
767 535 2558533
868 199 2561189
803 80 2562438
185 121 2562968
834 582 2567482
706 88 2583141
664 287 2593052
517 31 2596011
293 236 2599753
903 798 2599867
841 562 2600570
933 507 2605229
508 274 2608771
340 262 2611939
807 278 2616653
720 344 2626751
468 276 2630789
546 276 2637590
994 982 2642161
794 546 2650752
576 452 2658450
429 92 2674578
53 7 2679188
389 290 2680293
588 170 2685630
469 43 2697393
721 159 2697600
831 270 2705588
811 777 2714188
551 270 2731206
670 668 2742390
877 814 2747395
625 159 2750393
866 288 2751074
782 579 2757674
686 285 2761219
950 918 2761271
619 568 2762234
137 2 2763368
592 581 2780523
507 491 2785724
881 19 2785932
974 520 2804072
285 29 2806519
882 2 2826651
874 824 2829847
494 174 2830946
692 327 2831229
697 627 2834735
388 96 2836678
749 517 2844294
844 742 2853574
802 688 2861512
838 364 2875101
325 260 2882291
749 490 2885129
306 160 2886830
550 27 2886952
810 19 2888335
671 664 2889861
848 160 2889896
102 32 2891250
922 75 2897926
850 392 2898849
824 213 2901418
583 448 2907007
877 166 2907762
558 214 2917553
382 52 2925708
567 271 2927657
645 382 2931668
547 98 2932030
710 132 2941020
505 346 2941326
762 17 2946437
514 403 2952209
824 130 2952702
997 922 2958073
886 181 2958269
993 87 2964998
744 608 2974433
561 275 2975554
856 107 2984250
506 64 2986761
899 102 2987718
756 310 2991158
767 616 2996612
498 152 2999568
463 14 2999634
975 666 2999889
976 211 3010075
643 448 3012353
911 270 3016538
458 375 3024997
957 124 3029261
330 93 3032298
927 524 3038910
956 632 3047629
404 291 3053811
431 416 3065844
548 503 3067167
231 153 3067889
794 766 3068585
561 476 3081423
799 329 3085562
765 571 3087337
483 189 3088371
109 51 3089051
952 733 3094931
945 764 3112641
181 133 3114932
11 1 3116601
441 8 3126623
709 528 3129196
363 344 3137176
744 327 3138651
705 578 3140459
755 446 3154028
520 473 3160344
450 349 3160678
481 86 3161186
530 222 3165673
834 420 3167046
711 539 3182270
274 257 3189149
837 266 3190653
495 92 3191309
785 573 3215696
905 662 3233555
623 273 3235045
623 369 3237686
565 298 3240252
854 124 3243970
496 456 3262622
539 307 3263170
852 663 3281605
518 90 3282928
898 155 3286301
725 111 3288810
921 736 3289636
965 197 3290449
908 580 3290667
232 224 3308510
966 292 3311728
834 247 3312784
524 511 3323322
509 203 3325084
517 432 3334786
367 234 3337188
943 394 3337268
611 526 3338359
825 676 3347098
882 69 3349559
572 518 3361275
750 569 3365695
793 405 3367290
852 829 3373937
867 459 3376260
876 450 3384859
818 269 3386266
936 705 3393518
138 87 3399260
776 533 3403217
743 614 3436036
817 272 3443377
729 251 3449256
953 625 3470684
467 200 3484079
627 451 3489080
735 244 3494034
952 423 3520404
165 78 3524693
642 126 3525201
876 129 3531692
962 95 3544231
482 59 3546665
938 67 3549809
752 402 3559307
501 100 3564896
410 180 3564967
901 493 3567569
577 427 3570566
217 189 3583032
716 418 3583225
652 105 3597830
840 719 3609372
156 105 3639101
937 594 3641846
981 682 3653906
997 74 3660700
78 43 3660853
698 679 3677225
925 491 3680429
860 822 3684998
571 448 3695673
693 194 3708376
710 689 3712170
709 640 3716470
334 62 3719645
699 551 3725341
570 407 3726829
792 256 3727322
967 941 3733522
414 222 3736128
264 165 3753984
805 188 3770329
628 405 3770904
121 72 3775680
847 486 3780428
825 780 3810234
907 207 3811102
774 547 3835507
313 185 3842338
969 350 3848416
114 76 3862487
387 186 3872953
927 113 3894619
890 99 3902199
836 148 3911394
985 792 3912983
936 518 3929719
254 27 3951762
868 768 3959764
817 660 3974462
843 503 3980330
989 838 3984338
923 386 4025054
263 85 4027803
961 951 4038495
197 88 4047928
429 402 4052040
549 179 4054122
841 307 4056770
918 57 4060276
253 73 4063759
384 343 4065701
947 173 4066056
987 607 4078129
973 862 4078649
887 509 4092188
365 48 4101597
645 500 4107050
225 172 4108508
761 422 4132154
988 824 4133776
728 283 4154232
537 15 4159164
368 175 4192350
863 165 4193173
804 233 4204754
444 18 4219006
872 622 4220375
460 104 4240907
779 554 4269691
945 163 4275510
804 281 4306280
973 32 4308244
854 812 4315972
953 603 4332411
464 435 4338425
648 8 4343575
498 183 4347378
647 241 4354129
415 230 4355535
540 497 4362179
416 167 4370903
951 249 4381199
975 859 4395236
582 252 4404156
443 209 4407190
911 504 4407904
631 190 4411788
220 169 4416165
524 401 4416180
828 731 4423543
466 214 4458697
981 393 4465716
586 475 4466361
628 379 4467478
325 145 4488664
431 224 4516259
882 378 4538825
672 288 4541781
925 489 4541833
192 21 4544803
308 249 4546029
371 158 4583777
755 347 4590260
725 433 4597673
482 370 4602566
567 118 4620146
754 362 4620397
961 377 4634000
303 210 4636602
633 592 4665916
779 610 4714238
727 395 4734751
395 289 4776627
967 89 4783142
730 391 4793105
908 217 4818368
811 408 4819131
405 40 4844235
639 356 4871344
445 91 4874935
595 488 4878017
959 36 4879444
995 574 4884924
376 114 4886403
417 295 4904398
661 424 4939035
526 20 4967808
540 218 4973189
426 357 4998263
820 110 5001317
557 235 5015930
598 182 5018478
349 201 5029781
944 131 5035928
905 666 5065518
903 679 5086315
341 23 5107550
620 250 5115852
341 97 5127788
712 96 5151910
716 482 5166472
945 265 5207302
230 10 5250348
949 94 5281246
357 117 5307615
406 335 5316156
517 358 5321760
419 219 5329323
758 680 5339515
641 626 5354815
129 22 5368959
766 519 5390926
906 266 5393254
558 354 5398959
153 33 5422225
650 159 5436448
759 260 5443805
741 137 5446054
833 212 5453305
924 691 5488563
959 637 5493067
677 398 5505429
975 737 5507014
782 345 5512885
782 436 5531207
474 100 5535225
554 220 5555760
834 337 5587921
874 600 5618433
804 34 5661422
47 0 5844470
239 60 5906137
590 182 5997716
889 163 6010150
772 495 6069920
762 649 6078274
910 143 6084986
556 414 6124973
784 86 6145368
819 654 6149247
803 297 6275981
955 203 6301691
371 280 6302144
895 690 6317048
655 189 6395429
842 613 6410798
855 677 6434354
963 198 6490441
495 112 6563643
757 38 6648780
343 247 6703331
821 568 6710446
532 411 6719245
963 479 6733913
727 319 6785247
572 240 6791551
851 332 6847287
703 610 6860355
496 66 6883681
968 263 6895095
144 3 6920912
422 380 7159613
457 211 7245348
924 334 7269483
639 71 7699659
863 615 7800729
931 348 7862384
389 31 8116873
842 591 8188816
935 690 8461628
992 227 8524840
886 439 8555216
815 801 8809175
195 75 8834669
684 553 8979468
596 587 9103349
880 783 9309027
378 302 9408565
374 250 9576164
697 544 9858236
151 6 10066969
922 617 10081275
719 30 10233427
829 786 10278129
908 665 10642746
958 237 11124602
560 376 11204100
894 420 11783023
983 648 12093597
978 62 12931028
984 697 13079878
888 511 14228885
