1161193
985 766 0
620 611 4
608 186 5
486 23 7
644 447 8
658 622 9
763 473 12
992 960 13
647 365 15
897 803 22
630 90 26
989 449 27
690 333 30
959 249 31
878 386 32
916 470 33
933 131 33
574 443 36
765 497 41
913 80 45
471 196 54
959 132 55
816 769 57
262 104 57
810 544 63
873 201 67
607 165 70
263 24 73
437 29 76
759 271 76
727 520 77
874 469 79
851 796 80
947 543 81
897 505 82
968 46 84
728 644 85
591 129 87
877 259 88
999 658 89
543 485 97
682 123 97
921 242 102
874 705 103
922 777 108
418 187 113
539 128 115
644 614 118
937 294 118
851 556 119
954 281 119
621 32 120
924 554 122
846 618 125
578 577 125
969 50 129
749 98 132
664 545 134
571 237 135
975 557 136
382 105 136
690 17 138
525 373 139
413 150 140
930 16 140
743 573 141
808 610 142
963 543 142
676 463 143
916 436 144
317 160 149
693 394 149
884 100 149
873 2 152
576 12 159
601 353 160
184 176 165
887 804 166
964 954 168
719 633 172
983 501 175
815 783 182
635 447 187
248 144 193
979 19 194
318 316 196
725 49 196
604 79 198
459 419 203
556 20 203
391 371 205
598 569 208
629 9 209
610 312 209
914 347 212
909 20 212
991 886 220
616 250 223
757 361 224
903 376 225
800 630 226
471 194 231
826 514 239
848 444 239
346 225 242
732 673 245
783 398 245
820 778 247
824 36 247
643 163 248
822 396 248
183 74 249
225 175 250
744 120 253
662 561 254
102 6 254
811 73 254
683 230 255
776 13 257
860 150 258
518 128 260
887 597 262
639 417 262
848 824 263
88 5 263
532 275 268
965 926 268
412 391 269
37 12 277
544 155 279
205 135 284
654 172 286
806 607 289
984 536 290
626 277 295
150 100 297
264 182 297
578 239 298
908 32 300
668 648 303
981 773 303
681 207 303
497 367 309
717 448 310
921 96 310
990 343 310
986 565 311
656 625 311
951 315 311
597 103 312
738 76 312
730 314 313
166 159 314
512 474 316
915 713 316
563 348 317
559 452 318
949 405 318
818 434 318
655 451 320
313 144 323
172 149 324
822 370 325
782 427 332
649 599 332
846 49 332
556 496 333
132 40 333
766 645 336
753 382 338
574 507 339
639 220 340
611 461 341
537 368 341
315 98 344
723 500 344
571 548 347
963 944 348
679 546 348
591 264 351
580 203 353
773 163 353
830 105 355
738 108 363
399 247 365
572 412 366
147 139 367
986 857 368
126 11 368
373 153 369
874 715 369
657 572 373
804 754 377
553 396 378
282 180 379
859 126 381
583 262 382
743 659 384
699 478 385
853 442 387
690 345 389
997 614 392
67 41 395
843 111 396
874 512 397
879 854 398
338 334 399
294 182 400
658 597 402
450 206 402
795 16 403
642 183 404
889 93 404
439 261 405
814 288 405
876 224 406
918 624 408
871 344 413
592 428 415
955 65 423
603 372 429
813 344 429
803 7 430
865 229 432
740 521 433
672 163 434
935 358 436
946 119 437
926 905 437
717 420 438
552 301 438
142 6 440
580 427 441
624 313 442
510 463 451
783 72 453
193 166 457
754 89 461
758 465 462
625 490 467
388 217 469
916 84 474
837 770 478
619 101 478
860 117 480
963 628 485
604 398 489
633 342 491
766 175 492
732 229 492
617 606 496
215 161 497
392 317 499
408 203 499
748 395 500
966 662 505
401 41 510
625 499 513
434 298 515
740 615 515
300 95 517
978 808 518
608 421 519
897 238 520
373 345 522
805 537 522
397 221 524
979 157 525
420 139 528
976 90 529
819 273 533
981 808 533
292 57 540
956 477 543
795 79 544
720 325 547
799 271 550
928 551 558
470 341 559
985 143 559
215 119 560
539 390 560
625 430 566
441 182 570
394 139 571
358 324 576
952 102 579
923 473 580
209 117 580
583 47 584
891 14 586
563 427 586
84 15 587
275 174 588
485 169 588
116 91 589
998 460 593
832 167 593
905 438 593
539 360 594
879 866 595
682 76 597
749 529 598
759 561 599
885 135 602
936 237 604
433 380 604
905 538 608
890 26 609
934 91 609
743 44 610
921 803 620
331 130 622
596 316 623
311 167 624
444 51 625
721 536 627
502 378 636
213 54 638
720 69 638
806 72 640
694 460 640
65 38 642
448 152 642
694 389 644
718 176 644
622 469 645
294 242 646
963 617 647
970 162 654
881 815 656
749 99 656
600 407 658
527 45 663
724 164 664
112 84 667
784 587 669
921 297 669
335 71 670
857 814 671
935 685 675
28 26 679
523 389 680
766 590 683
617 430 686
988 358 688
968 421 691
864 189 694
853 795 696
126 22 698
865 511 701
850 219 701
409 300 701
21 7 704
468 368 708
915 240 709
687 125 709
422 250 711
749 88 711
181 153 715
911 798 717
984 227 718
921 229 723
351 30 724
758 484 725
649 34 728
739 238 729
321 299 729
598 119 729
947 247 731
966 203 732
914 843 732
819 214 734
948 157 735
969 161 736
931 561 736
775 572 739
588 179 739
237 178 740
737 147 741
940 887 742
824 69 747
717 451 748
175 45 752
931 354 753
386 159 755
368 181 757
282 124 757
768 585 759
902 450 760
972 521 767
985 282 768
285 212 770
911 67 776
601 484 780
948 526 782
950 575 785
197 67 786
191 55 790
987 643 790
749 738 790
975 645 794
979 772 798
491 178 799
989 546 799
875 504 800
834 188 801
317 146 806
459 415 808
647 489 812
243 40 815
826 796 815
49 6 817
784 166 821
389 98 822
812 98 823
821 317 824
853 243 826
641 458 828
199 44 828
485 342 830
382 261 831
855 142 832
950 780 838
546 14 839
933 608 845
670 28 845
754 487 848
382 116 848
706 376 849
789 702 849
420 193 850
672 219 853
257 5 854
466 148 855
923 319 856
624 350 858
456 108 860
993 753 860
882 245 861
228 50 862
592 416 863
679 5 863
482 128 870
492 73 871
847 823 873
777 666 873
983 738 873
255 50 874
878 161 875
759 19 880
384 358 881
603 161 881
977 215 883
395 196 884
341 218 885
839 235 886
640 195 891
483 167 892
692 285 894
722 703 898
708 531 899
691 384 900
957 449 902
818 269 903
408 7 905
752 708 907
876 785 911
992 802 919
557 308 920
604 573 922
227 45 926
678 455 927
882 418 930
906 420 932
986 926 936
609 428 937
899 79 937
248 86 940
601 47 944
508 411 944
236 144 946
345 80 947
963 307 948
975 188 949
455 313 949
387 253 952
621 400 952
891 239 955
921 446 962
443 27 968
421 119 971
886 623 974
971 596 976
772 546 983
859 426 983
433 56 983
741 195 983
883 604 985
751 122 986
544 343 990
267 164 992
613 89 997
664 154 999
888 182 1001
919 805 1003
406 289 1006
686 58 1006
436 59 1006
950 658 1011
555 406 1013
266 71 1015
740 56 1016
984 522 1016
322 94 1017
779 624 1017
841 90 1017
777 319 1022
760 225 1022
610 467 1023
145 29 1028
430 293 1029
216 62 1031
779 171 1034
837 594 1035
919 652 1035
987 381 1036
700 368 1037
812 403 1038
909 489 1038
437 359 1040
24 12 1041
603 438 1041
838 81 1046
695 608 1048
473 40 1052
985 812 1056
350 334 1056
856 573 1056
361 210 1057
884 429 1060
381 361 1063
677 39 1064
959 210 1064
717 31 1064
324 235 1066
940 205 1070
869 349 1071
486 437 1074
845 560 1077
480 329 1080
720 169 1080
407 129 1083
981 314 1091
371 121 1091
779 402 1094
446 331 1094
303 214 1101
832 215 1103
245 63 1104
504 170 1107
990 453 1108
534 422 1109
899 55 1110
536 385 1114
743 245 1118
482 381 1120
884 661 1120
364 166 1121
955 850 1126
323 227 1129
825 313 1130
632 208 1137
516 472 1137
308 41 1138
283 246 1140
643 376 1141
869 645 1142
474 299 1144
785 11 1146
980 262 1147
859 457 1148
499 492 1149
127 74 1157
450 203 1158
905 392 1160
577 340 1161
342 28 1166
734 269 1166
696 448 1170
801 594 1170
606 212 1175
867 37 1176
742 584 1182
881 733 1185
817 695 1189
761 347 1189
524 434 1190
999 641 1194
931 500 1196
877 258 1196
526 330 1198
821 521 1198
640 70 1206
887 126 1211
748 631 1211
750 626 1212
510 358 1214
596 400 1216
944 362 1218
457 406 1220
546 513 1224
879 782 1225
672 646 1225
204 46 1226
470 201 1226
78 40 1227
538 298 1231
848 236 1231
789 680 1237
916 769 1241
888 678 1242
825 161 1243
909 257 1243
779 104 1244
733 496 1245
515 474 1248
860 494 1250
381 120 1252
454 53 1252
409 288 1254
967 964 1257
460 102 1260
653 38 1262
770 281 1265
884 13 1266
756 490 1267
333 259 1271
529 71 1274
404 227 1276
717 97 1279
458 265 1279
901 8 1280
423 91 1282
789 574 1283
813 494 1286
686 290 1289
748 707 1297
463 256 1297
467 280 1298
342 207 1309
524 384 1310
619 585 1312
802 730 1324
909 907 1326
892 813 1327
864 451 1330
694 85 1334
755 399 1334
877 253 1334
771 382 1336
534 30 1338
769 497 1339
992 267 1346
684 566 1349
656 27 1350
713 680 1351
911 858 1352
993 833 1354
719 35 1356
336 278 1357
374 224 1358
858 341 1359
348 281 1360
860 819 1362
654 317 1366
791 728 1368
509 351 1382
929 892 1384
939 688 1398
278 181 1399
425 25 1402
629 91 1402
680 559 1402
613 473 1404
776 359 1409
750 734 1413
503 327 1413
801 17 1414
907 234 1417
493 372 1418
212 53 1418
620 503 1420
834 663 1421
886 470 1421
589 71 1422
534 380 1426
671 527 1429
987 863 1430
347 24 1431
844 621 1433
949 185 1436
849 552 1436
87 70 1437
781 519 1442
799 357 1446
698 384 1447
641 352 1448
304 289 1454
980 570 1455
938 211 1457
845 456 1458
230 199 1460
468 174 1466
750 687 1466
779 727 1467
479 86 1470
929 198 1472
273 232 1475
581 425 1476
718 342 1480
549 290 1481
621 83 1482
404 400 1482
808 310 1489
819 665 1489
974 889 1494
316 94 1497
554 487 1498
888 689 1498
934 282 1503
475 433 1507
941 375 1507
616 605 1513
639 213 1517
508 284 1519
344 39 1525
653 1 1526
981 936 1526
972 226 1526
718 200 1530
405 283 1536
770 445 1542
900 108 1542
435 284 1545
578 170 1547
902 57 1550
971 747 1551
711 484 1555
896 676 1557
214 1 1559
232 133 1561
856 634 1562
630 314 1563
790 349 1564
379 52 1565
792 507 1568
508 475 1568
471 46 1568
549 16 1571
744 320 1574
491 396 1582
939 534 1585
712 363 1585
835 348 1592
789 675 1596
927 8 1601
46 42 1613
885 649 1618
872 550 1622
642 241 1623
514 211 1624
915 440 1625
412 176 1627
582 561 1629
948 530 1631
946 928 1633
701 426 1633
997 889 1634
842 144 1639
752 496 1639
831 614 1640
252 131 1645
996 10 1646
659 393 1647
370 154 1648
851 660 1649
915 377 1656
337 196 1656
800 251 1660
942 452 1661
671 113 1664
894 652 1665
591 476 1667
893 542 1669
701 697 1673
567 494 1674
564 291 1677
824 179 1678
759 414 1689
817 296 1689
930 355 1692
716 666 1692
107 62 1709
684 207 1711
774 228 1714
980 260 1719
893 873 1751
784 332 1752
517 467 1754
747 419 1764
900 847 1765
608 81 1766
904 251 1775
928 669 1779
949 439 1780
852 753 1780
431 183 1781
950 122 1781
456 140 1782
892 703 1788
914 588 1802
704 246 1815
657 192 1816
925 833 1821
480 335 1826
525 177 1827
469 286 1837
502 269 1885
233 117 1888
847 268 1889
920 301 1893
932 49 1901
456 190 1909
595 416 1910
185 141 1915
962 754 1928
453 112 1930
836 385 1931
244 92 1935
872 400 1942
424 127 1947
220 1 1956
807 710 1961
561 231 1984
581 507 1984
832 481 1992
64 21 1992
503 139 2005
973 327 2006
948 397 2012
528 356 2015
957 82 2019
488 216 2021
870 696 2028
741 726 2032
927 330 2032
916 519 2050
552 443 2055
901 735 2055
745 690 2056
826 302 2060
767 535 2060
860 4 2089
653 162 2092
420 18 2108
650 164 2114
873 793 2120
495 135 2136
97 61 2136
972 134 2137
676 158 2148
722 498 2150
269 92 2151
867 668 2181
608 114 2181
674 450 2189
568 56 2202
478 213 2205
827 463 2210
781 464 2225
727 579 2251
967 77 2261
912 428 2265
649 584 2268
644 138 2279
299 216 2285
627 334 2291
137 57 2298
710 583 2309
147 70 2314
756 547 2320
957 612 2320
832 729 2321
768 369 2345
898 339 2358
928 712 2360
895 62 2370
831 679 2375
905 535 2375
657 48 2378
941 677 2379
53 33 2381
267 136 2385
645 217 2389
828 632 2394
404 118 2395
912 495 2429
466 154 2435
471 10 2439
797 548 2445
516 102 2445
711 183 2446
803 60 2457
702 585 2467
711 202 2471
731 438 2475
653 43 2477
912 528 2479
393 151 2481
910 889 2496
525 272 2521
473 410 2530
714 211 2542
240 3 2563
887 778 2565
956 70 2579
746 167 2587
961 765 2587
541 377 2595
824 786 2602
982 452 2611
667 326 2620
638 350 2632
960 52 2644
953 86 2673
822 562 2700
351 66 2718
958 54 2730
758 168 2734
309 30 2736
416 383 2739
907 305 2741
564 80 2744
632 363 2758
857 110 2784
868 361 2795
276 165 2800
698 462 2848
880 749 2872
637 200 2909
862 292 2927
586 142 2935
788 783 2949
733 270 2986
651 362 3011
553 156 3019
545 115 3036
994 850 3037
785 287 3081
790 506 3096
667 234 3120
709 661 3160
988 840 3166
442 68 3285
987 328 3308
317 254 3326
660 593 3329
624 109 3336
966 794 3357
917 198 3371
787 740 3390
279 135 3453
736 227 3472
898 752 3499
933 636 3501
681 274 3531
753 306 3538
829 627 3620
540 93 3766
558 274 3826
958 222 3828
861 243 3832
801 533 3926
939 764 3951
432 363 3990
510 173 4109
995 284 4181
746 602 4191
945 27 4313
809 193 4579
366 96 4813
762 179 4903
389 295 5021
863 0 5162
763 106 5263
482 223 5726
943 872 6498
826 75 7023
