41
4028
34
3412
28
3555
28
3692
37
3561
28
3609
28
4971
40
5635
44
5646
45
5695
45
5653
45
5664
45
5651
44
5286
43
5072
90
9837
92
8650
58
9075
92
9323
86
8430
93
10151
92
11508
92
11416
93
11694
94
10831
93
10855
94
11019
93
10849
88
10143
92
10729
135
16556
141
15930
140
15979
143
16820
142
14940
112
15612
143
17467
141
16953
139
17072
142
16938
143
16512
144
14937
145
17828
142
16482
141
17225
186
18242
183
21228
196
16158
170
16993
122
22650
160
16851
128
17411
124
19182
181
21105
159
16482
194
20091
154
17994
131
19837
195
18474
171
18814
216
17866
167
27802
239
29712
240
25596
230
22996
194
27760
245
30211
242
28421
244
26491
223
29947
244
29215
242
25784
218
29794
238
29180
247
28467
256
33472
285
32521
281
33990
271
33121
265
25059
217
34318
218
26607
226
32042
294
25183
243
33592
203
30171
270
25606
221
25531
283
32090
209
23917
313
33196
207
25961
338
38908
217
28491
339
36023
296
28198
240
38640
263
29514
296
34761
233
29077
326
31403
272
30121
234
34334
248
31571
248
28964
328
31806
283
33917
246
32031
252
30835
254
31396
255
32171
254
32458
254
32272
254
32681
254
32356
254
32116
253
31547
245
31371
245
31536
233
30240
385
34604
435
53567
429
41809
401
54881
449
51754
458
50866
455
53060
368
52980
442
53241
401
55136
438
49225
419
39654
450
44124
453
42521
309
42237
413
45025
345
39427
375
49877
360
55458
343
46762
441
42807
506
46674
388
54461
423
49442
320
45760
327
43124
420
45739
418
45316
425
43835
448
42314
500
61330
536
57199
482
65694
523
61550
462
67105
532
60457
565
67958
556
62261
489
61875
415
59430
387
59139
391
57453
469
51352
361
64694
555
55213
565
51536
380
61157
483
59266
413
56795
491
51516
514
52319
398
56300
409
55150
396
49795
389
49326
391
49313
392
49161
389
49056
388
48411
377
47873
577
73504
644
60707
545
78127
644
68259
666
76463
622
77625
660
72689
668
75191
566
66785
459
69894
486
66423
475
67640
647
62646
625
65843
438
69180
588
81474
706
64591
703
83550
692
79966
698
77750
669
85201
711
84430
629
69695
557
76559
675
72852
461
71000
542
79176
607
65038
492
71344
548
62991
565
87170
698
70887
751
87360
656
91022
773
86193
769
84642
777
88099
645
75361
721
73830
757
71977
578
83592
691
79504
788
68467
701
73350
554
71874
618
95541
676
81438
793
89986
803
95442
726
97571
793
94066
824
87736
727
83029
718
81200
653
78914
626
85844
699
85645
698
77762
534
74474
534
74054
601
101864
807
95935
769
90387
874
97109
888
102941
822
102706
817
87819
840
78131
594
81269
895
92127
899
90879
860
77778
589
80209
810
78966
624
76658
672
106476
732
105327
903
100138
919
99143
919
103743
936
104923
636
84551
822
90411
665
94156
826
99584
763
97691
751
87979
674
82295
670
80562
598
75808
673
112417
834
114460
982
111643
980
110526
914
110831
982
95642
824
101975
723
93812
1013
101964
734
99946
791
97006
771
90824
765
88528
660
81178
634
80017
828
116987
690
120318
927
118337
873
121288
1022
120691
964
100910
942
100892
729
103330
1009
105638
785
103874
706
93519
728
92234
765
89455
663
84317
663
84406
