44
3788
27
3335
28
3414
28
3562
28
3621
28
3720
29
3979
45
4921
48
5419
46
5091
44
5307
44
5216
45
5227
45
5463
44
4709
89
7315
56
7570
57
7153
58
8598
61
7449
93
8434
78
8864
58
8022
93
9236
95
9915
88
10225
69
8306
77
7513
93
10330
95
7783
87
10549
86
10726
103
14865
142
12611
123
16394
146
14433
142
12068
95
11874
118
11838
141
12324
106
12064
95
16661
119
12351
141
14683
143
13641
130
16097
133
20004
154
15890
179
17006
133
21511
196
16522
145
17112
131
17872
196
20610
181
16962
167
18975
179
18391
128
15776
166
22780
162
16917
209
17595
159
26518
239
27508
223
20230
181
22398
197
21744
170
23973
250
23905
156
22675
170
22504
163
26830
241
26130
164
20384
166
22916
170
26068
202
27056
257
24703
194
28323
253
25871
241
32864
244
24748
270
30775
214
26603
187
32933
286
25548
293
31817
243
24113
270
33638
221
24092
222
27131
232
33493
336
28720
263
28944
246
37294
240
30473
314
30220
316
33884
231
31144
325
30946
232
40137
244
28312
348
32001
256
30776
322
29962
219
39212
247
30173
334
37777
268
31049
323
33029
291
32253
270
35035
290
32356
254
32824
256
32428
256
32352
254
32352
255
32199
253
32277
244
31264
246
29726
379
37167
433
47706
292
37266
352
44481
312
44023
360
43642
461
40833
309
39763
400
44748
402
43205
388
47127
396
45424
337
44957
313
48692
346
49431
331
46573
366
41874
400
40997
338
52675
405
44570
436
43947
354
53375
319
55836
319
54373
327
48171
362
48981
341
42623
453
42145
416
43153
459
43495
504
46192
547
53886
345
47586
388
54661
564
45250
542
61722
379
52259
467
54989
503
51025
384
50236
466
48319
472
58256
359
60949
518
47768
502
47429
450
48807
460
53858
415
56503
405
60284
436
61612
392
57204
425
62692
388
56422
388
55544
390
53797
408
50057
389
49467
394
49310
389
49308
389
48372
494
54748
610
58371
463
56154
577
57375
465
66648
496
58002
644
65144
455
67564
597
65534
492
63446
530
69200
532
61534
432
68390
517
60029
577
68814
470
74612
514
59269
512
65990
577
64263
526
61458
744
70715
546
75026
612
64636
578
75938
638
62331
556
72012
662
65506
522
74494
624
72546
554
66543
480
83394
534
63095
698
69931
742
77253
674
74559
654
71567
697
76029
568
70858
494
80404
653
77304
516
68655
624
85232
721
70757
508
74123
596
76665
509
88778
513
67915
765
73774
610
75304
622
76862
580
73351
542
83211
752
82719
599
74368
534
79952
653
75739
691
70467
598
81783
649
85508
675
76104
588
94387
694
85725
827
87280
551
73810
779
75592
721
77600
774
89186
787
87263
749
83403
689
80163
823
88333
756
87371
767
87721
779
76104
597
75789
694
98960
726
90120
713
94553
756
85638
691
83841
683
90805
666
93853
822
89672
624
90314
681
80596
690
86322
720
91568
903
89108
630
81645
615
75265
658
105047
674
94812
642
99596
643
91334
631
94337
733
83832
669
90408
750
90886
695
97433
808
97063
686
97771
762
98955
656
87704
734
80923
638
80243
673
106266
638
97795
698
101545
740
98577
1014
99333
809
100581
742
105015
936
98785
746
99921
912
103160
715
101285
691
96451
704
90905
666
84256
664
84258
