44
3685
27
3327
27
3458
28
3490
28
3563
28
3636
28
4643
44
5455
42
5364
44
5330
44
5494
44
5433
44
5264
45
5130
37
3942
55
6860
73
7079
57
7651
83
9377
93
7921
60
8558
60
8402
60
8192
94
9692
93
9848
91
8182
93
7960
73
7540
85
9417
74
8437
98
10755
106
11905
115
12179
143
13561
142
16062
147
15280
98
13404
96
13738
127
13135
109
12884
105
12957
142
12611
110
13276
146
13045
102
14391
113
16507
171
17031
140
17017
136
16703
191
20422
160
16461
179
16764
133
16999
169
22805
185
15932
138
19357
162
21033
137
16184
190
18454
147
17385
224
17714
148
28346
239
27057
180
19094
159
23354
196
22341
201
24908
225
22740
156
23584
171
21465
197
22763
228
24961
220
23974
175
20093
184
26949
239
26754
286
25255
257
23687
290
25703
198
28659
246
25412
297
25854
223
32828
210
25545
293
30894
188
27592
207
26213
200
27529
266
26892
216
24810
304
30621
249
32024
279
29767
242
30559
242
31865
265
33695
330
28363
236
40184
238
30991
308
35710
250
29876
236
39642
269
31172
307
30129
236
31518
379
34877
309
30887
260
33911
284
32419
303
38271
265
33278
312
32567
253
32452
255
32313
253
32289
254
32253
253
32455
245
31277
247
31292
244
30689
381
37329
389
49330
300
39495
358
44405
319
40653
403
43006
410
41406
344
44913
372
41001
332
42596
381
44211
307
42432
403
46658
414
40587
328
43667
333
44054
327
43307
337
40834
413
44906
431
51822
365
54710
448
54165
358
43481
495
43781
457
43874
359
47282
361
43172
386
44317
352
47106
412
43411
442
47540
546
52890
344
49998
521
50367
499
46469
500
49827
402
53018
512
50437
396
58402
372
56783
464
54344
425
50202
556
49255
384
50086
435
50526
371
59768
435
60989
434
62261
403
53130
470
50942
514
53591
417
57467
447
53896
477
54040
389
53951
502
49588
393
49387
389
49395
390
48430
373
47839
401
71631
573
57266
484
60311
503
57678
599
61836
497
61229
504
66097
476
65895
518
60053
430
62751
504
63225
529
57844
420
67707
554
66306
508
66435
496
77379
464
63592
643
60283
507
71959
485
67677
535
63467
632
65626
552
70241
536
66051
493
67429
514
62203
565
71598
707
70766
613
73625
543
63089
505
83511
522
65986
703
65496
525
76539
620
71447
642
67790
526
72020
543
74702
561
76024
508
70000
534
70050
695
72003
507
75156
776
72711
563
72194
506
90986
493
66889
584
69509
591
75526
576
75376
621
78865
591
77331
782
73323
774
74351
526
73781
574
83885
720
81252
642
76722
575
76351
557
73517
542
96869
675
77030
540
70934
767
77045
567
77751
563
80931
837
86336
622
85288
607
81009
595
79850
634
85331
708
90102
612
77962
580
77535
565
75507
542
98723
697
86295
741
85033
778
81708
694
82255
672
88303
822
80442
598
85525
788
83357
736
94492
662
95110
930
86370
712
84517
746
84088
619
76605
644
106825
849
89586
609
95965
901
90106
703
93612
691
86540
705
85760
734
91826
635
88728
915
97011
846
98141
713
88350
725
86069
633
84794
632
80344
604
107429
700
93085
707
97416
702
92462
777
97325
997
101328
805
100376
743
94273
887
96665
728
93435
665
99484
737
97863
779
93234
689
84766
662
84550
