45
3744
26
3351
39
3496
39
3503
28
3562
28
3756
40
3833
28
4385
44
5256
45
4977
44
5260
42
5394
45
5293
45
5216
44
5235
88
8662
77
7224
66
8011
84
7849
68
8540
94
9291
69
8306
73
8743
92
8630
58
8574
87
8843
93
9617
93
10714
82
7661
58
7874
83
10670
85
13732
143
12061
89
11840
102
17103
142
13320
104
13257
141
14886
144
12180
118
13053
146
16541
143
12176
143
14579
117
12908
90
13116
176
15138
189
16918
163
17364
190
16621
146
20793
168
18575
141
16264
192
20096
130
17768
151
22649
193
16859
180
17987
181
17437
183
16881
165
19444
208
17574
175
25385
237
26479
229
21515
170
21085
175
20993
198
21386
196
27462
170
20785
154
26229
158
27753
170
23070
165
20281
169
26849
164
25007
252
26251
256
24279
203
26299
239
28390
241
29924
297
25496
243
30084
208
32159
246
28019
242
27202
224
26370
271
30179
285
26842
192
31321
251
27436
216
35146
221
26010
249
37308
259
27831
241
37594
272
29211
336
33608
220
30596
254
33094
307
30861
252
35966
232
29381
319
38081
235
28617
304
30366
235
37579
338
33135
248
33760
262
32125
258
31953
264
35744
253
32986
253
32579
255
32358
253
32275
256
32270
253
32222
253
31541
250
31419
245
31239
399
37025
434
47972
290
37095
399
39723
428
48599
316
44386
424
40706
347
39675
336
44225
325
42365
327
43995
452
40811
413
39475
453
41742
398
40903
427
42044
450
40655
348
40628
380
51158
372
52431
329
58632
363
48612
476
45556
376
47681
356
50687
357
44414
448
42002
431
40853
474
44757
417
42090
506
45874
552
52980
395
47769
446
54781
403
52182
558
52764
371
54996
495
52478
387
50385
445
54736
509
52347
402
57893
462
52981
443
57341
518
50569
390
54120
484
51242
497
50148
423
56039
389
62728
389
60170
413
62080
457
53648
408
51181
392
49278
402
49504
389
49273
388
49321
389
48295
376
48052
522
56883
630
57472
483
56784
470
57591
632
67229
624
63663
512
61414
603
63946
581
70719
488
61570
486
63426
491
60165
472
68716
570
58180
569
60352
567
71724
610
60513
469
70095
607
67850
555
70314
521
64866
561
65094
599
71389
607
72281
526
65601
649
71402
630
62584
536
68413
605
60001
534
72921
610
80951
503
65402
591
70018
544
74510
541
74024
617
69726
673
74257
741
73463
645
72979
582
73241
735
71058
514
71729
668
68540
601
77759
558
76270
612
87457
578
69634
810
71607
746
74025
601
76308
663
76831
752
86091
550
81657
562
72808
599
80255
669
77629
567
73836
578
83485
609
81462
547
70969
613
93343
582
74590
657
74512
668
76162
646
78056
619
83039
673
84336
776
82624
760
86809
775
87019
781
78711
629
80787
752
86001
658
76082
608
76952
637
97538
846
88692
589
82010
813
88660
873
84972
663
86652
741
85569
640
84250
641
80203
606
87749
751
88658
712
93434
752
87265
600
77980
597
75797
641
103895
701
95439
653
90792
655
92312
801
88169
761
94252
717
93424
778
85550
659
88650
787
92150
720
93792
894
85082
687
86780
697
87336
638
80028
692
108036
656
97663
810
94534
794
96663
756
96127
861
102579
874
96968
745
99483
726
102497
664
96390
725
101785
696
96746
712
89673
689
84362
666
84207
