46
3551
27
3363
27
3508
27
3513
28
3558
28
3979
40
4006
44
5196
44
5598
44
5280
44
5296
44
5285
45
4777
36
4986
45
3957
61
7043
56
7065
57
7141
63
8498
92
7895
69
8422
88
8707
59
8495
92
11552
67
7543
59
9079
69
9231
92
9442
92
8656
86
7858
83
11412
112
12994
141
12333
97
13678
94
14361
94
12501
119
15433
99
13420
111
12571
91
11517
142
13235
147
14922
142
14632
136
12169
100
11671
115
19019
163
16857
149
17649
195
19294
137
19282
173
18698
122
16331
123
21288
142
18888
126
21385
171
21361
132
16730
169
20821
194
17377
133
18786
209
17783
161
27153
228
26104
241
18782
201
22928
184
21176
188
27704
252
23703
239
21404
218
21472
159
23470
174
22480
202
20513
156
22087
217
26727
281
21969
208
26664
204
24535
290
31093
282
28231
226
24823
293
26088
280
32418
284
25048
210
31549
205
24948
260
30916
227
24174
268
29819
210
25239
326
28946
247
27050
316
35343
254
28984
237
30533
242
29589
256
38981
250
29283
339
28965
289
34463
278
31698
219
33388
330
31353
309
31754
304
32642
233
32904
253
33342
245
32658
350
31460
253
34070
303
32159
268
32760
271
32835
253
32322
253
32327
245
31292
246
31212
246
31573
246
31288
251
31176
389
34060
438
48218
286
37682
386
44627
375
44100
330
41087
423
44361
306
44101
417
39263
429
44489
429
38529
391
44596
320
44256
358
46816
288
46279
333
46635
341
51993
377
42266
386
43598
357
53088
325
53398
392
48067
342
44837
453
45605
402
44528
343
46668
420
44819
368
42620
326
41406
327
40714
490
53374
522
45892
369
46552
535
51188
508
48166
422
52401
353
60995
459
53052
400
53161
402
54664
367
57465
517
49856
474
49973
375
59992
365
49287
403
60267
380
57865
442
52882
487
53341
434
53350
482
53499
410
54764
389
52632
426
52577
394
49423
389
49391
392
49139
375
47751
378
47673
388
47755
566
69674
508
55769
646
60274
612
57108
527
60202
492
69098
564
66290
555
64108
510
56724
558
66432
568
57826
448
69447
465
59195
499
68463
608
60483
513
72048
616
59233
686
67571
534
64935
485
69922
509
67090
634
64967
559
76915
736
66132
482
66748
560
77682
530
64059
674
68456
501
64501
473
64162
506
80521
502
63888
543
72780
628
68696
511
81671
590
71722
714
75793
754
74167
738
67707
552
71903
666
69643
646
75304
679
70325
660
70981
570
70385
523
88274
517
70950
577
70781
589
75383
610
84863
682
80161
543
81493
632
74333
664
80291
649
79977
559
73522
677
81685
680
70776
525
73521
562
72900
512
94402
759
77352
677
74580
609
77759
817
76531
697
83624
672
90116
779
88021
759
77832
798
79684
613
89184
685
80813
629
77860
626
77566
564
74324
556
97115
733
83533
763
81815
752
84496
647
85261
697
87516
698
90496
753
88764
783
96293
753
80514
616
80331
735
84226
671
83414
635
79378
687
75588
604
104677
821
89029
614
87484
706
99254
748
94764
660
96513
719
86863
668
87209
642
95404
695
97790
767
90729
683
89374
769
87102
704
83406
635
80098
633
105522
663
92466
653
90720
695
105796
798
98522
1039
104949
738
100476
698
98398
808
91696
908
89090
697
94383
662
91494
722
89411
835
85033
666
84142
