45
3691
26
3333
27
3427
29
3552
28
3561
28
3680
28
4088
45
5371
45
5689
44
5399
45
5347
45
5637
45
4906
43
4624
40
3930
58
6888
56
6971
57
7664
73
7584
92
7949
59
8613
67
9491
61
8121
91
9191
93
10652
94
8696
67
8128
93
8401
73
8404
72
7836
121
11871
101
12911
121
11340
129
14194
123
15685
134
12382
107
14099
141
13040
112
14526
103
12750
99
13335
142
15710
128
16080
136
12520
119
13274
185
18247
142
16833
195
15484
185
18771
192
21945
191
18365
124
16434
193
23269
152
15628
121
18354
173
20797
185
18013
175
20886
182
16532
123
19850
207
17613
151
27428
226
27339
230
19268
171
20823
177
22978
208
26422
179
24144
190
21372
162
22233
174
23484
243
21299
219
22984
154
22701
216
26676
280
22468
196
25652
285
25036
199
25217
294
33350
282
25743
269
33854
200
24622
288
32869
267
27499
237
25964
212
31286
278
26878
205
25959
245
28756
260
28542
267
35215
243
29170
248
37550
253
30124
284
31505
316
29876
242
35548
220
29768
314
35007
294
30785
238
32953
295
32443
225
30917
243
31547
323
32251
318
34864
286
32686
342
34775
278
34253
322
32435
258
32537
254
32570
254
32522
254
32287
254
32382
255
32658
255
30916
234
29832
234
29737
385
36285
436
46426
305
37122
364
38755
364
42801
330
40015
305
45544
350
42207
302
49283
335
42540
342
48443
393
48447
313
53219
316
48600
437
41819
341
40970
425
39285
466
41975
331
51897
405
45854
451
43933
455
48361
515
49158
379
42160
353
44173
435
44059
385
44438
338
46266
410
46291
371
44084
449
57172
475
42034
434
49039
529
51243
363
48276
429
50721
385
51204
559
47801
422
48398
557
50121
558
46037
540
52231
513
51483
424
52350
373
55840
396
58296
494
51866
530
49399
575
50910
535
57733
461
55578
417
62165
430
54268
458
54472
402
57188
486
54249
389
49400
389
49630
388
49451
389
49509
488
72648
401
54076
513
61295
495
56320
600
58894
526
72919
559
60460
577
70455
657
61271
515
65862
493
60388
511
67552
483
61057
444
65722
568
62043
517
77455
453
60688
698
62709
536
72065
574
63766
586
66922
610
69967
497
77823
604
69728
599
68235
642
67043
595
67665
679
70768
587
67433
527
65113
536
81226
470
64846
707
68254
565
72948
513
80991
659
69509
626
80826
783
77407
616
73145
524
77069
707
65710
532
75637
636
71689
546
76045
543
67816
521
90132
547
71097
553
69574
670
72088
535
86548
666
85171
830
87254
696
78659
729
77052
789
82562
623
74610
525
81501
678
73027
581
72928
640
76552
569
93828
614
79650
635
73478
782
75852
826
74560
590
88464
600
91578
627
83911
595
75978
561
79849
726
84582
682
78599
594
78238
780
80473
725
78833
670
95718
637
83468
674
84030
680
81896
740
86442
848
92344
759
87355
724
83381
644
83451
621
88520
803
93591
616
85138
822
81969
604
82526
598
75777
688
100970
624
88669
690
93608
816
101702
715
100101
889
100294
739
90291
733
96399
878
89922
785
85916
785
93806
632
88250
781
89642
703
80874
633
79805
740
104902
845
95927
680
98250
674
105165
748
104734
810
105784
778
99611
764
100013
765
98822
720
103341
867
98881
769
94703
873
90764
667
84550
665
84262
