45
3674
30
3322
27
3396
28
3495
36
3766
28
3630
36
3695
28
4509
44
5628
44
5243
45
5565
45
5500
45
5516
34
5235
43
4099
64
7035
59
6943
61
7472
58
8530
69
8969
58
7562
92
9022
82
8702
93
10902
93
9722
93
8736
74
8234
59
8192
78
8012
61
8455
113
12653
106
13345
138
12590
101
13747
144
14328
97
12080
141
13617
119
13100
90
11979
99
13796
143
14482
113
13585
144
12044
127
15615
141
12389
115
17095
129
14946
136
20826
193
19438
182
18402
125
16376
122
18361
191
18462
124
17292
192
21736
192
17981
124
17136
194
18327
132
18400
131
18377
213
17726
161
26973
240
28325
206
19036
155
22100
203
22293
223
29019
170
21348
179
21470
171
21964
227
23681
222
25966
154
21816
228
23647
232
21351
235
26581
233
25646
194
31071
292
26091
231
23904
276
29115
204
28836
192
29617
190
28419
203
27145
198
28568
187
25901
234
25691
256
26983
220
26799
273
27091
207
31791
346
33263
218
27722
242
39186
229
27910
282
40286
224
34394
346
28965
222
37176
243
29108
260
32255
219
30575
297
32362
278
32857
295
30969
275
31575
360
33791
256
32249
268
32351
254
35230
252
32709
270
32339
253
32424
253
32201
253
32258
254
32456
245
31414
246
31243
236
29741
370
32779
434
51447
278
39925
294
48717
363
38257
414
43119
353
44339
363
46553
373
46027
360
48108
431
38993
323
46721
300
48002
325
46349
310
41343
294
49078
366
42252
418
42806
347
53561
374
47314
483
41180
458
45890
320
50918
347
46375
348
42844
478
43640
389
43369
341
45819
408
42504
404
44325
473
44405
486
54405
341
48042
370
60627
475
48245
482
52370
383
56511
410
56544
366
59314
423
53506
535
54330
490
52176
493
49746
454
48500
451
58639
442
62397
366
62275
374
63097
531
58403
408
54772
472
51790
428
53417
423
54185
436
51496
443
50666
389
50279
389
49372
402
49382
389
49344
375
49979
503
67872
641
52671
417
66655
476
58148
433
56817
583
61420
424
69437
421
63044
457
61234
535
65456
504
57920
434
69469
421
63338
473
70713
631
57541
538
76347
448
60676
677
58272
456
66079
624
65717
512
63454
643
65450
537
75160
579
63609
605
68642
699
64557
524
74722
458
74001
524
64626
593
66395
524
85362
483
67249
611
65310
671
69379
713
68105
648
80129
529
67914
580
71573
719
67579
552
72578
675
80918
777
77199
701
66126
578
73700
647
67806
530
90920
514
77894
539
70701
680
69419
583
77774
725
77428
659
85914
796
74823
666
77507
642
87184
769
84465
781
76626
623
73540
661
75394
553
70485
588
95389
737
86284
668
79861
798
83810
786
75732
609
81688
816
85129
756
76447
715
84077
864
88717
878
90063
816
79805
726
76835
685
78186
637
76006
579
98835
738
92157
682
84919
653
87311
831
88412
713
82513
838
86437
607
86651
837
96949
849
91034
809
90297
694
80530
597
83428
600
78094
599
75812
579
101910
769
96580
700
86743
750
87975
667
97590
753
95927
936
93355
664
90851
760
91898
656
92073
650
90599
700
91070
747
88507
832
84453
633
80401
640
105719
689
98266
741
93720
952
94923
702
97821
782
104504
831
99224
877
100197
704
101973
662
99161
740
93225
849
95150
747
89138
720
84814
664
84099
