45
3740
27
3470
31
3458
40
3488
28
3565
28
3718
43
4454
45
5331
44
5636
45
5397
45
5503
40
5252
45
4971
44
4541
28
4190
66
6750
56
7097
76
7597
93
9366
76
8116
71
7977
67
8238
58
8422
93
10942
62
8458
83
9201
92
10321
60
8835
96
9376
59
7969
121
11657
116
14118
139
13668
142
12662
93
16268
127
11996
91
13183
108
15833
93
13347
97
12655
141
15980
144
12160
132
13670
142
13508
143
13886
140
16372
118
19028
153
15153
121
18174
188
20624
136
16069
122
17090
197
21831
161
15903
168
17703
182
20111
193
16203
130
16281
124
22584
164
16409
205
17697
194
26948
238
27149
246
20890
161
22887
204
20995
162
27030
210
25091
154
23514
200
25674
159
23166
173
19857
207
26910
227
21794
222
22385
233
25991
232
25828
199
24268
278
23787
214
34080
248
24359
259
35347
226
26234
272
29880
218
25283
299
33224
214
25736
282
29069
218
29183
306
25848
233
30613
282
30344
265
32481
324
29118
266
30485
309
31355
284
31304
233
33202
331
29912
250
33192
219
32063
351
34302
251
31870
345
33035
247
30788
236
30969
285
33073
320
34452
250
33574
336
31672
266
36749
315
33002
254
32525
262
32475
255
32387
254
32254
253
32309
254
32546
246
31219
234
29732
370
35739
441
47944
398
39123
329
47400
361
41183
394
43340
391
39936
415
39909
383
42395
287
41180
309
44876
316
49866
303
44188
390
49745
383
49319
330
50511
311
39504
491
42153
328
49482
330
44461
440
44288
336
47412
379
43652
391
44504
353
44404
443
51525
418
47195
329
45556
366
44534
345
46899
419
55400
541
44810
366
45785
508
52669
396
53783
561
48042
535
58084
457
49688
383
60544
356
58627
425
57785
542
50472
470
47220
473
48542
421
56893
440
53807
458
50724
436
51676
477
57281
460
58164
401
59324
389
56161
440
53493
525
50415
407
52641
441
49446
395
49349
389
49330
388
49237
389
47937
556
67141
605
54277
435
62599
535
62137
595
59989
584
62963
517
64093
549
68001
495
68337
611
64207
438
67187
494
61824
453
63836
552
62577
529
58884
488
77433
450
59872
709
66634
448
68468
453
68292
514
66638
684
76591
717
64149
518
73479
649
67319
499
63831
493
67077
482
68222
616
64757
474
68099
608
79658
493
63464
730
70912
714
72257
727
73621
557
72174
742
80161
561
68238
496
80620
724
71018
672
66818
555
71906
590
69737
544
78166
621
68984
516
89913
648
73968
653
71738
762
76544
660
73735
592
82755
693
84657
790
71317
607
83397
570
79123
782
77029
622
78806
657
80505
697
72117
583
71674
583
94736
703
78240
576
79804
629
80508
617
78038
678
82138
637
91346
670
88394
654
81281
667
80867
700
79608
563
84136
809
78592
664
78569
608
78271
728
97229
742
84977
592
86691
749
83388
711
85982
730
92316
801
90695
828
83138
682
87255
698
81758
626
88324
675
92744
711
82715
722
81105
596
75539
639
101716
632
93872
725
93091
835
92806
632
86652
691
89485
888
93006
809
97480
794
92174
692
89312
854
87072
791
87902
697
88892
728
86675
640
80184
658
106516
648
99309
739
95489
674
97622
731
100446
975
106674
707
101811
756
94984
686
97913
846
95691
899
103077
675
94688
702
93251
664
84353
663
83965
