45
3768
28
3860
38
3947
32
3624
28
3623
37
3731
28
3936
31
4606
44
5277
45
5625
28
4850
44
5252
44
5566
44
4557
40
4090
56
7043
56
8253
57
8382
59
7548
63
7839
59
7867
77
9245
96
10792
94
11054
93
9931
93
8738
86
7849
74
8068
77
8343
94
8225
96
12027
116
12549
87
11906
94
13775
145
14953
113
13562
91
11688
141
15116
100
11689
111
11522
104
14430
141
17137
142
16341
110
12224
105
12590
113
15965
190
15597
124
16916
180
17733
172
23148
174
15916
124
18963
191
20491
145
16251
194
21569
192
23224
194
17165
122
16999
126
17302
125
18340
207
19681
182
28292
239
24921
194
21707
185
19878
155
22489
233
27568
229
21507
167
20956
232
21838
201
20024
165
26110
228
20225
176
26640
153
19985
251
32465
247
26778
200
23118
227
27044
206
26698
271
34314
224
28591
296
25623
257
30933
299
27675
224
25983
246
25467
278
31016
232
24807
187
30534
233
28512
237
31106
282
28159
217
32266
240
29278
266
33511
274
36351
236
30098
229
35898
224
33237
236
30193
240
33061
303
30292
309
28270
265
33406
257
29995
334
37175
248
31466
255
33392
306
32287
282
36733
253
32378
254
32646
257
32569
255
32318
253
32432
253
32312
254
32354
247
30963
246
31228
379
34765
440
47273
279
36420
284
44058
428
37716
322
40602
305
44783
393
43708
288
51890
316
39250
336
38611
455
38356
437
37560
438
49796
317
39265
424
50261
314
40241
470
42362
426
50152
348
46312
368
46273
333
52331
396
48111
436
45937
354
43854
406
44108
336
44694
367
41513
388
45821
363
41928
448
54608
491
44465
394
58543
387
48710
372
52481
495
54881
366
66086
393
49542
459
58588
505
49615
473
46998
378
59572
354
53832
358
52359
483
48519
407
57879
376
57077
388
51828
430
51425
432
56987
480
57302
446
58545
410
53503
434
54669
388
49878
393
49767
389
49473
410
49417
389
48443
377
47753
434
61714
607
52930
486
69261
471
56424
615
56844
421
77640
476
57418
583
67138
604
66788
520
64186
470
60360
468
59025
513
62512
441
65752
498
57413
518
75796
448
63742
608
61086
508
69003
533
81083
468
62166
717
70556
600
71733
529
74123
491
64948
512
66377
603
71223
618
61243
525
67533
579
67646
534
82554
503
69736
491
65978
654
70737
565
89337
578
69441
607
72738
654
67849
651
76168
638
73644
628
71054
526
75983
578
69018
607
65185
515
72610
576
87450
606
84372
591
70975
708
75162
800
79163
578
87482
786
89479
635
83701
563
75481
558
74100
582
74681
747
74251
637
78321
740
76936
626
69348
670
87278
725
83985
610
74708
846
76501
816
87907
666
89956
613
94731
757
91747
738
80745
587
78095
774
85078
794
78778
772
82118
696
75159
594
76448
636
95671
610
89464
702
86896
827
102137
626
90787
830
87260
681
87158
611
88214
690
85032
629
79569
651
82294
596
83642
696
83832
678
83502
607
75470
677
97581
625
93272
739
91269
885
108967
730
99389
809
103578
712
101275
885
93072
755
90681
669
93342
678
89383
671
87649
657
86573
728
80360
634
80218
675
100610
639
93874
765
97622
650
108831
698
104384
676
109711
688
103221
830
98166
762
93358
812
91729
804
93028
851
99092
689
91808
664
84443
663
84185
