45
3699
26
3329
27
3429
27
3522
28
3571
28
3618
28
3719
40
4359
45
4891
45
5618
45
5500
45
4860
45
4561
42
5334
45
4155
54
6807
72
7111
75
7070
76
9516
77
7360
58
8156
92
9619
75
8223
58
9655
93
11029
93
10292
66
7606
58
9485
72
8134
59
8004
128
10831
120
12726
108
14435
105
13162
116
13226
146
15414
112
13274
135
13558
108
12336
90
12376
140
13604
100
12682
90
15401
143
16023
90
12433
112
17542
190
15152
158
17138
176
23090
185
15554
139
18782
141
18222
194
18145
141
18212
145
17957
153
17072
147
21221
187
16943
142
16156
200
22120
208
17838
171
28633
238
23113
187
20982
154
22674
211
21288
244
28696
179
20929
157
21614
153
22492
225
22007
243
22516
165
21517
155
23935
175
24830
256
21786
178
25861
218
23574
244
33361
261
26099
269
29351
230
28085
271
24898
188
35081
207
27971
278
24923
229
30692
286
24913
216
30550
187
23822
250
34017
237
28968
262
35228
243
30448
279
30788
272
30640
274
32968
329
30208
232
40805
219
28331
346
38985
227
31824
310
30654
236
38872
225
30501
271
37484
284
32796
354
37513
250
32688
351
38233
315
35137
255
32549
255
32650
254
33354
253
32237
253
32194
254
32554
251
31089
246
31295
247
29936
397
42221
437
39739
405
39555
326
49599
402
38419
290
43424
404
40488
352
42960
418
42067
302
43223
347
42304
374
42455
338
51041
287
50330
351
44494
462
49334
320
48174
422
42959
440
42180
410
45510
351
46908
320
53474
389
56672
321
54607
332
48265
389
42008
461
41978
403
50243
330
50739
340
48249
536
57217
472
44495
438
59917
531
47956
477
53931
372
51060
430
47739
367
61310
460
50518
400
61755
495
52809
501
54128
446
51827
520
54794
434
50145
437
54647
399
57670
447
64279
397
63521
388
60409
456
60248
459
53368
558
52810
519
52729
496
53405
420
50737
400
50400
388
49431
388
49063
375
47821
494
61060
602
52741
458
64596
459
60470
625
57250
518
64731
607
66748
589
59808
545
66824
597
60652
497
64358
504
65362
541
61652
421
62572
624
60183
471
76641
445
60287
701
62213
563
68970
491
63647
523
67045
661
68597
610
75418
652
61942
535
73806
648
73480
480
70436
586
63815
488
78455
613
72136
550
81380
480
65224
708
66071
733
71517
634
76074
625
80992
666
72250
676
81623
732
69277
491
76462
672
71600
533
76793
567
83928
661
74395
540
75658
530
80622
550
69926
785
72240
696
79445
693
79810
610
81233
728
74239
599
85561
649
82278
769
82290
639
76155
568
82109
586
83732
680
79699
753
73441
560
90216
653
84895
720
78728
701
74177
858
76753
853
83765
682
90352
621
87206
749
86105
608
76040
723
86997
649
92075
744
89177
808
79853
620
81564
556
92173
587
89166
710
84331
698
83258
748
87906
796
85195
833
95862
790
88785
967
91929
811
84940
777
90173
750
93726
696
90110
596
88090
620
78879
617
98718
740
92014
643
88712
680
87312
658
85291
631
89618
642
85605
676
96569
688
99636
703
93475
826
96792
874
96707
821
93220
753
92687
632
81217
722
99679
748
96984
654
95596
699
96295
777
100971
749
101903
989
101162
982
101570
813
98152
787
100474
926
103071
662
99900
689
97007
673
85869
664
84314
