48
3636
27
3369
27
3473
28
3472
28
3592
28
3653
44
3993
44
5121
88
5573
45
5517
44
5693
45
5655
45
5696
45
5810
45
5673
90
9583
90
9622
81
8078
90
8764
92
10079
86
11241
94
11588
95
11731
93
11147
91
11208
96
9859
60
9858
93
10180
87
11427
93
11545
139
15444
142
16567
137
16423
139
16477
142
12510
142
16558
145
17854
142
16385
141
17423
139
17068
144
13915
142
16103
142
16683
144
17511
142
16572
179
21633
188
17958
190
18990
191
21148
192
15763
205
19268
122
16742
157
20695
136
16969
157
16988
158
20154
124
15942
124
20991
193
17386
158
15584
228
17642
145
21553
253
28960
243
29713
226
23455
241
24164
231
30011
242
28695
245
25307
243
29682
244
28644
242
29310
225
28349
247
29129
242
30702
245
28835
254
31686
290
35331
299
34069
291
27999
287
31923
252
30197
235
30057
204
26252
221
27080
261
25836
315
34329
218
24265
304
35114
191
24392
281
35865
260
27326
240
33150
305
29679
236
31770
249
31267
331
32934
236
32575
253
30884
285
35590
231
31903
257
29739
218
33481
236
30637
318
29467
272
30304
287
30566
301
30767
264
33539
254
31268
255
32058
254
32236
253
32209
254
32607
253
31986
244
31182
235
29683
276
29697
274
29714
235
29643
370
35074
435
53195
444
41158
413
53133
456
51281
417
52548
452
53980
399
51734
430
54992
411
49705
453
53478
430
43375
433
43277
292
45274
350
41287
387
37546
388
52911
308
49030
420
40314
356
50962
348
47832
432
41471
407
46641
434
48098
330
50013
416
44832
352
48523
321
45102
361
43040
422
40602
458
46972
543
65089
552
51472
554
64005
547
58043
526
66599
523
65158
554
67351
534
64570
527
58952
494
56201
398
49668
393
51411
398
60710
356
66121
487
58732
424
57414
459
51068
402
55807
415
56756
443
59431
467
53941
394
57965
429
53175
409
51351
395
51938
389
49328
392
49415
388
49221
389
49003
512
69912
643
64728
550
76980
653
66517
663
76001
666
78411
647
74174
564
80280
635
69563
462
64132
599
62166
647
54472
637
63490
468
63947
561
63154
592
80712
689
64140
665
81930
678
80326
691
80241
635
85621
709
80731
713
75001
672
68062
533
65147
496
73242
646
72643
454
67437
485
68777
466
68260
505
87319
751
72022
759
86721
651
89224
731
76551
776
90260
691
93497
537
80534
610
73216
538
71152
560
81568
686
73991
566
74158
537
73520
491
66855
508
93342
765
82207
834
86379
821
94758
822
97246
840
87406
827
90353
628
74789
618
74924
585
88715
584
81945
593
75868
619
78652
680
71261
592
72342
578
100772
712
94024
832
88317
890
99894
817
103525
741
104168
768
91896
578
79368
791
94291
615
89551
803
79684
634
78053
707
76853
633
77220
609
73751
613
107440
876
103778
920
102155
920
93339
942
106219
870
109825
834
88846
829
87801
774
98543
727
91644
713
81816
754
80647
701
84320
761
79348
594
77872
630
114068
812
112300
895
112573
932
112665
973
110335
964
94414
653
92028
801
103174
873
95790
726
89932
742
89180
794
86887
759
83231
648
83120
632
79814
622
118875
654
118091
910
119321
996
120981
854
121248
857
102823
931
96129
1041
106350
1033
88711
668
97253
663
96637
718
94461
675
88974
667
84885
663
84075
