47
3726
28
3315
27
3437
28
3514
27
3549
28
3922
42
4649
45
5621
45
5623
44
5283
44
5095
44
5215
28
4878
45
4601
32
3721
55
6793
56
7279
73
7977
91
7984
76
7659
78
8777
91
8053
60
8303
93
9752
92
10108
58
10547
86
8549
75
8509
63
8394
75
8778
83
11214
85
12593
135
13133
142
12666
97
16156
146
14306
103
11462
117
12790
143
12978
143
13685
91
12691
132
15230
144
15965
93
12444
140
15780
112
15024
117
15276
130
21704
194
16584
121
20515
152
16940
200
21937
121
17677
189
22531
171
20189
121
21467
143
17889
162
19677
139
18771
138
22012
207
17490
158
29012
232
26448
241
18804
153
21304
196
21297
172
21002
242
26109
214
21216
168
21326
172
22899
200
22126
245
25185
155
20861
251
25329
219
26078
221
30630
208
26461
199
24964
206
31721
272
30221
201
33813
268
25134
278
33368
233
32587
209
27386
242
29130
221
26360
228
33523
200
27125
330
34471
336
28214
289
34161
282
28646
264
38447
248
30674
265
31736
225
30777
276
32476
271
34032
248
33717
245
30870
314
30430
232
36276
261
29558
253
30863
262
30816
283
33524
256
31547
381
32902
279
32289
253
32270
262
32271
252
32254
253
32657
252
33057
245
30827
236
29733
232
29679
240
29684
391
36983
444
46905
304
38522
373
42424
391
39321
393
39613
327
48455
287
42133
314
42202
434
41754
309
48465
365
46070
287
49505
425
45926
299
42732
451
39203
335
47327
347
51102
446
42433
365
49908
320
54955
346
48027
426
44108
350
46444
320
47674
320
49981
326
49980
398
47432
389
44835
337
47014
493
55735
517
46147
409
45848
514
51137
380
47682
432
58965
408
53643
540
52635
544
48592
487
52928
535
52230
483
54456
470
51688
568
50168
496
48268
551
49299
425
58380
423
62929
424
54575
480
53420
519
57285
420
59799
520
63480
389
59071
429
56432
395
55217
454
52397
393
49604
388
49411
390
49307
526
67344
549
52830
505
65793
490
59001
618
59047
634
63645
462
62913
608
70472
603
62758
523
63527
479
65401
662
64636
610
55352
641
59342
470
58507
558
74534
516
56918
475
69198
490
63706
635
68004
713
69912
666
68958
570
79795
533
66857
523
71749
678
66589
660
74080
506
66550
519
65431
488
70428
476
83644
469
61856
644
64465
650
76154
726
75569
729
78114
513
70330
711
73308
666
75149
548
81067
663
66076
621
72872
537
71936
548
65269
516
72452
541
89503
547
67203
583
68221
678
79212
716
81824
561
82643
788
89309
594
78869
563
77176
798
80215
752
76415
646
72660
606
82411
790
73414
549
72040
510
93542
563
76597
672
71645
811
81802
826
80987
707
86272
856
83614
570
86570
652
92738
800
86504
660
78857
686
78544
642
81264
626
75730
570
74422
682
98516
633
86633
697
81536
667
82526
688
77192
677
92053
812
86277
687
86805
821
90436
672
92567
669
86025
851
87766
851
78777
693
81927
634
75926
637
103639
708
93953
613
92925
726
94891
645
95601
849
101314
835
95821
661
100864
656
96554
675
89817
830
95540
729
89000
778
84065
636
79960
634
79630
644
107332
646
99259
637
98103
790
101245
734
98674
699
105430
784
101376
661
106014
762
98323
845
96252
732
100559
747
91957
722
90226
676
84188
662
84393
