45
3664
27
3852
27
3438
28
3503
28
3587
28
3670
28
3915
28
4623
44
5630
45
5407
45
5605
33
5170
44
4747
28
5182
44
4796
63
6736
56
6928
63
7343
74
9248
92
8076
90
8397
65
7469
69
8089
79
8452
66
9452
92
11034
93
9322
93
8418
85
8729
67
8994
133
11100
114
11243
118
12271
135
14623
143
15528
134
16145
118
11910
112
12121
131
14934
144
12210
112
11500
143
17493
105
11703
91
14760
125
12484
173
16251
115
16425
152
18678
192
19425
152
15607
137
18843
193
17729
124
16858
188
19798
197
20154
154
18013
169
17130
135
15639
142
22759
149
18594
216
17687
154
27889
234
26597
219
18754
161
23839
182
20005
161
21913
219
27759
235
22561
154
21914
158
21221
203
24205
246
21847
234
20716
246
22833
232
28657
268
23469
197
28435
232
26770
211
29635
237
24132
236
27695
239
24560
195
29129
293
24708
226
24762
219
35172
254
27281
272
26257
218
28850
271
29259
291
32545
294
28337
242
37714
262
29995
348
38667
274
29070
285
36575
255
29921
350
29513
242
35345
254
30301
329
28816
235
30237
262
28557
272
33639
297
29942
271
37253
282
32598
322
36282
292
32449
256
32415
253
32294
252
32273
253
32274
253
32379
253
32201
245
30012
232
29662
233
30044
379
33152
439
49415
280
35860
347
38524
425
42186
327
37322
435
51549
299
43599
297
49154
411
41195
363
46595
364
43049
340
45384
419
45275
315
49285
309
45368
378
42251
373
44831
414
41730
375
52486
390
53378
323
46413
489
43941
361
54809
325
51176
349
48282
332
44385
416
46661
319
48889
319
47291
466
48211
536
51007
384
47821
404
58300
408
47532
410
62185
366
54456
551
52510
436
51846
538
50739
435
54747
380
54151
393
57157
483
48534
387
55145
387
59968
510
61647
461
52346
564
50531
482
65297
396
59745
408
60067
439
52734
434
53693
412
52415
387
54081
388
49478
402
49504
405
49376
392
49247
528
68616
612
55342
495
67953
531
55810
597
54286
459
68095
509
59491
512
61565
452
61851
479
70867
419
58365
572
59938
578
57043
579
64079
495
70035
535
75850
462
61776
564
64782
559
64225
605
68400
611
67763
507
69450
634
61833
567
66677
640
67522
593
69719
681
65889
470
74740
506
69318
699
63511
520
80549
532
64988
758
67924
525
80999
684
71968
702
66703
558
70352
572
72698
775
71691
532
69981
532
78668
645
67165
678
79637
609
70014
652
67526
551
89273
513
65321
733
67503
722
74797
624
78626
704
82593
716
78842
793
84357
563
75224
686
83026
611
84601
699
73497
539
77343
552
73574
526
75776
538
95144
787
82224
644
75707
673
78912
753
80745
844
80525
832
85622
885
83948
836
82275
611
88644
729
88827
797
77835
624
78017
561
79768
592
71805
569
101376
847
90561
656
94389
666
83910
640
89065
818
88558
785
93975
644
87533
722
92536
766
89701
792
88299
596
82465
628
83995
760
75210
610
75355
591
104544
823
95818
710
99625
784
91495
811
92490
683
94954
644
101257
883
89510
657
90242
667
94722
632
91889
657
89036
641
89956
632
80273
632
80214
616
110000
756
100376
668
102194
994
91527
722
92808
828
93181
669
100922
755
98117
889
111611
914
104572
748
95373
810
91109
751
93037
680
84314
664
83785
