45
3675
27
3331
27
3407
28
3548
32
4006
29
3637
28
3682
29
4268
45
5574
43
5360
44
5333
44
5471
40
5314
44
5201
45
4499
88
7003
89
6903
57
7860
91
8669
69
7935
68
8464
61
8450
68
8869
92
9616
94
9338
93
10244
92
8619
66
8178
58
8076
72
9657
136
11013
86
10977
123
12672
102
13556
143
15282
144
16463
90
12716
98
11875
103
16860
100
12862
111
12677
137
16036
137
16183
142
13115
141
15436
136
15770
115
18015
129
17660
200
22300
183
17293
134
17508
160
19217
131
16309
156
21470
164
17378
193
20450
146
18694
121
17388
175
17296
169
16936
208
17446
162
23401
239
27861
240
19480
205
21546
195
21425
222
22830
214
25475
218
20782
154
24618
155
22231
181
25447
213
21692
192
22648
178
22017
236
29271
252
31895
237
28690
214
27332
231
33325
198
24994
251
27566
245
27588
235
29974
241
28369
210
26655
188
30467
279
25640
285
27148
214
28540
208
32877
308
29949
226
35078
326
29310
231
36802
318
28734
259
33491
343
31153
245
30486
312
30636
218
37581
218
29350
335
32693
225
28877
332
28348
254
35359
294
30892
245
32625
265
30841
255
31610
264
32358
269
32774
267
32308
252
32592
261
32173
254
31850
245
31309
241
29991
234
29683
235
29698
411
33031
439
50405
326
35870
390
39349
421
41576
294
43838
341
46171
287
38474
433
40457
456
49715
335
37932
307
50095
323
42808
336
50063
418
42100
320
38435
464
41858
335
43021
333
47586
442
45503
388
51754
403
53477
393
43366
416
45781
349
49382
361
52051
344
52459
319
51839
323
48192
334
44668
489
42308
515
58002
361
46247
465
55644
414
52704
360
58961
441
54846
522
59999
388
49742
570
49187
413
47419
543
52736
407
47011
427
57013
419
48731
586
53402
589
55514
383
51724
578
47899
561
57773
422
59051
472
61979
442
63479
400
61225
391
58360
388
53124
388
49351
391
49354
389
49195
390
49538
544
59959
647
49599
556
59102
436
59604
582
70768
635
59044
518
67139
567
68833
572
57588
480
64260
452
66880
562
59694
580
59712
655
58635
490
63004
559
70612
620
58224
580
65113
601
65220
550
67069
665
73128
515
69368
556
74198
531
63177
659
66198
525
68243
643
72547
500
69662
625
62294
548
69159
501
80360
466
63035
626
60787
530
80413
739
79925
728
69845
559
71037
758
74266
613
73080
619
70433
575
68122
717
74221
564
72937
742
70036
538
74907
552
88085
491
68566
672
71925
664
72333
537
88890
581
78718
725
77300
759
71436
701
74962
747
77717
550
87864
697
74950
525
73715
596
72802
598
76844
551
94275
662
79647
594
70239
714
79411
754
89218
616
80116
612
85639
674
77590
699
80033
703
86849
799
88972
795
81026
560
81532
642
78767
643
72530
545
98658
612
88381
719
76895
894
86565
937
82610
896
87002
847
91094
678
87496
700
86238
767
93156
770
88244
622
93207
677
86517
734
75675
595
75483
573
101841
623
91013
892
96474
914
102718
683
95866
812
97957
664
91638
807
89628
671
89114
644
98919
679
94759
723
92818
675
85522
636
80146
629
79789
640
108093
730
96369
912
102107
871
106685
694
100781
743
101610
864
100148
770
95844
917
107407
814
97252
787
99948
765
95130
671
84417
661
84673
665
83107
