43
3744
27
3329
27
3400
27
3515
28
3648
28
3871
37
3884
28
3899
45
5485
45
5698
44
5328
45
4974
44
5384
44
5234
43
5417
88
6763
59
7079
58
8436
69
8073
93
7760
69
8266
96
7613
65
7648
73
10132
93
9367
93
10738
93
9649
58
8346
80
8577
85
8584
98
12838
104
12745
93
12789
125
14909
109
13140
103
16368
105
12434
106
11959
142
15553
142
13521
126
14199
115
15968
117
12420
147
14265
102
14408
160
15062
127
16621
129
17110
131
16120
183
17288
170
17674
146
18000
158
18724
182
17739
181
20400
136
17623
140
17704
165
16568
184
19654
193
18346
217
17563
160
27950
241
27616
205
18744
154
19680
207
20436
159
21134
196
27719
232
21854
226
22339
231
22157
222
24647
224
23831
169
21406
156
25786
191
24596
245
29991
205
27121
262
26236
239
27208
271
26702
244
26654
261
26915
237
28485
264
26339
220
26426
210
29322
248
30954
244
29501
270
24704
279
30006
271
27457
262
30102
290
28872
245
33784
243
31242
233
34607
294
28896
278
38610
269
29968
305
33029
239
33114
246
28466
325
31371
219
32052
245
29581
267
35850
288
31828
264
35247
253
32032
253
31982
254
32230
252
32255
255
32412
252
32215
254
32168
252
31770
235
29727
238
29682
235
29940
381
37136
412
49371
328
37136
314
44917
434
39331
320
40640
392
39516
319
39680
434
41639
427
41643
406
41102
313
43532
330
40880
352
41721
350
42331
296
44580
393
46370
324
51917
363
43297
414
42234
337
46425
352
51608
367
49591
318
53315
342
47275
361
49111
339
49656
318
48076
383
47775
346
45225
463
50287
500
52062
340
45214
540
60118
446
50216
450
54249
366
54811
536
51021
535
51290
494
53663
534
53856
418
48990
480
51209
427
60204
398
53606
435
52807
401
57706
451
54663
489
48638
576
55162
452
56217
390
60275
423
57092
451
56499
456
56773
410
53054
393
49398
390
49809
389
49229
388
49273
556
66331
638
53206
409
68854
440
56825
420
60959
580
69272
532
59637
618
58232
510
63766
513
62707
448
69023
488
59974
486
57601
596
65538
473
66770
591
76693
494
61290
664
65687
538
62542
687
65479
695
68880
582
66916
486
68614
559
67576
553
75551
559
61875
506
69497
451
67186
697
60279
529
66809
570
85749
508
60650
716
65062
484
68787
583
73486
686
71499
537
72060
688
75132
497
70658
497
74944
590
69778
551
74157
588
79062
596
67305
521
70913
540
92195
568
71470
724
70892
516
71676
594
78557
622
74312
655
78811
610
74588
730
85035
733
76393
668
73252
623
84707
630
74471
556
74228
559
74950
592
98659
770
89530
596
76647
681
82022
696
75171
745
75942
693
80005
727
83127
603
82006
742
89017
787
83536
631
77713
613
84077
610
78188
680
72439
582
102383
749
96091
709
79908
708
86210
933
81431
723
85064
743
84470
630
82873
601
83867
651
91690
613
91560
865
87947
649
83210
739
81136
597
76135
641
106989
640
100011
749
88251
652
95256
841
86128
690
90913
635
92637
630
88427
709
91078
668
95601
719
90969
789
91810
630
87243
628
80477
631
80060
673
111254
787
103380
807
94153
1007
98851
773
95647
796
98099
733
97953
1014
97145
917
110357
905
104638
839
98096
675
92917
697
89662
663
84176
675
83726
