45
3636
26
3331
27
3436
27
3502
28
3576
28
3684
39
4297
40
4644
45
5335
44
5329
44
5391
45
5418
35
5384
44
4173
44
4994
54
6758
56
7000
88
8077
92
8446
67
8286
69
8741
76
7689
71
9257
93
10410
93
8899
94
9771
87
8527
92
8302
59
7850
84
8105
117
12168
90
12466
116
12762
94
13824
102
14108
143
14945
126
11810
104
12292
139
12514
111
14403
142
14979
92
12243
144
14470
96
12427
113
13455
150
15716
115
16213
120
18241
133
18103
121
22586
192
17581
129
19029
138
20851
137
16941
192
18495
130
17791
193
17240
142
16355
192
19047
154
17376
210
17497
161
22045
240
28119
240
21695
153
20886
160
20959
179
26220
217
23260
245
21386
164
21776
185
22080
187
22070
189
26677
191
20251
167
21599
250
27023
215
29437
194
25901
280
24201
199
27680
274
33387
295
25582
188
30108
231
27106
260
30360
189
31398
264
25803
214
27175
274
29089
297
27490
216
27994
218
35793
307
27336
243
35883
244
27593
295
36154
254
29545
267
36913
218
29504
280
35932
240
30149
229
31566
251
31586
234
31122
266
30473
326
30997
291
31166
278
32194
251
30825
253
31534
252
32130
254
32204
253
32286
268
32265
255
32719
252
31884
240
30115
235
30177
235
29759
234
29805
414
33981
438
46343
330
37826
330
47816
411
36916
339
39943
307
47122
334
39856
397
44842
343
43705
429
42024
431
40850
325
45899
351
40915
440
41022
466
42467
361
43739
439
41263
456
47197
371
42352
484
44625
364
50256
416
52724
347
49094
336
51480
322
46591
377
46616
319
44123
328
44451
377
41742
459
52468
486
46066
391
44460
552
52695
392
47279
398
55708
423
54601
398
53206
443
52289
555
50144
359
52962
473
51911
421
57771
478
49418
371
50055
395
61157
412
60539
401
61494
400
57362
430
50907
594
52122
543
55121
488
53676
408
52010
481
53548
397
51468
391
50104
399
49416
403
49336
388
49289
594
64251
634
51407
474
67478
480
57592
510
65012
430
62382
470
63924
504
69351
501
64622
479
62508
575
58897
472
65566
521
70453
534
58270
610
54999
592
73185
577
58356
695
65575
548
62050
538
65109
676
67880
632
75342
490
63579
656
72256
527
66762
561
75981
730
63339
478
67891
463
72361
588
61957
539
82942
516
67249
706
65425
540
74090
697
71896
658
71456
666
72221
525
72439
601
71417
739
68189
513
78445
708
65788
536
75020
755
70207
559
66845
534
87350
549
75522
649
70579
562
67986
768
71743
564
81130
592
73179
581
80603
614
78549
564
79634
523
84683
770
73388
564
75725
615
70710
609
72971
516
91296
673
83605
597
71648
712
76866
776
80604
742
79445
722
80951
692
78579
581
79769
703
87859
651
85832
611
79468
585
77145
702
76577
560
71244
651
96099
641
91288
645
79715
584
82541
679
86205
656
85796
692
83510
721
81810
756
93243
646
93547
695
90651
645
83276
616
81988
640
78323
601
75358
610
101488
692
95896
806
86345
769
90076
745
93094
734
86232
731
96509
742
93614
992
90045
839
84868
714
92442
716
84838
639
86152
635
79994
636
80372
646
104835
657
97323
662
94652
763
91446
660
101582
694
96725
951
95605
763
101131
889
104399
768
100759
694
93714
720
91343
730
85027
667
84177
665
83978
