46
3651
26
3333
27
3480
28
3521
28
3590
30
3599
28
4249
44
4519
45
5503
45
5176
44
5611
45
5641
45
5313
44
5530
28
3784
54
7055
56
6922
57
7525
94
8475
91
7870
69
9028
61
7712
64
8664
92
9748
95
9934
94
9594
59
8120
58
8802
59
9014
74
8641
100
12581
114
11002
88
14463
132
12359
142
15544
90
13724
106
11874
127
14866
110
14086
95
12111
101
13059
144
14555
149
15796
141
12340
116
13056
125
16000
115
16145
149
18124
190
21095
152
17206
143
16929
148
18248
166
18803
193
17164
188
17204
191
17195
152
16140
193
19069
152
17912
130
18027
206
17502
166
27363
238
28689
229
19004
170
19442
212
20922
174
22720
244
25830
165
22300
162
22541
157
24854
174
26220
208
20867
182
24131
155
21690
281
30408
289
23299
218
25179
286
25102
273
31637
219
25681
274
25012
282
29633
295
27198
224
32866
248
28068
272
27372
243
25982
209
30055
187
25772
271
30946
263
28099
237
28517
329
30390
244
33609
301
32760
314
32154
294
32413
306
33028
251
30754
323
31299
316
31061
251
34413
236
28223
234
33201
231
35306
254
30791
287
34982
306
30898
319
34627
253
32574
254
32455
256
32481
255
32534
254
32151
264
32178
253
32203
244
30117
234
29717
307
30122
393
32695
440
52159
305
37076
298
39095
410
39455
389
40352
404
45779
345
42117
372
46178
320
39437
414
46018
426
40079
331
46502
344
39381
428
40467
452
41692
405
40256
323
43864
405
47415
424
42605
384
44569
464
45696
377
48387
401
49659
487
44317
421
44181
505
42696
337
44833
408
44048
371
42252
479
46576
542
51132
357
48774
399
59185
454
48199
371
53785
478
50797
464
57826
388
48715
561
50405
428
56882
454
48859
470
52620
455
51051
551
49117
398
48190
403
52662
450
55207
498
55017
433
52065
452
58316
462
54945
394
59245
533
51886
523
51949
446
49724
399
49227
388
49461
388
49629
389
49239
462
71647
507
54679
576
68919
501
56670
592
54270
534
69752
452
64132
458
58235
544
58357
489
61790
556
63219
476
59185
471
61274
479
63238
423
63955
501
77525
497
60137
712
60581
658
64456
522
66323
641
64914
501
75902
489
70508
472
67993
583
64786
619
67783
507
67290
529
64968
592
67517
658
65337
511
86863
502
64660
717
65425
669
66933
527
80798
554
81218
531
75049
535
76441
536
70894
491
73146
637
73654
677
69614
497
69515
571
75540
705
70526
540
92609
702
75232
519
68680
753
72329
576
78777
537
81718
572
76926
554
72960
542
79094
741
72425
618
76908
587
76526
526
75395
677
76220
623
73128
522
97496
687
85783
619
76994
589
75667
817
73894
689
75521
642
84825
636
80097
561
82904
572
82814
616
83453
628
77287
559
77070
595
77850
587
71245
542
99383
643
90209
709
85513
821
86539
739
87540
619
88371
789
86555
709
88800
728
85599
644
85060
678
87367
692
86509
624
82063
639
80421
620
75372
580
104703
753
94515
788
90342
720
94630
751
99623
853
89864
913
90357
754
85983
682
87279
662
87712
843
88848
830
90416
694
88029
727
79981
631
79686
601
110151
771
98666
636
91556
957
99346
675
93493
912
92550
676
93591
756
96647
785
96661
850
93413
741
96511
745
93248
671
88278
660
84242
664
84189
