46
3597
30
3332
27
3406
28
3627
28
3627
28
3991
28
4188
45
4974
44
5503
45
5274
44
5346
44
5281
44
5499
42
4740
32
3935
57
7713
55
7398
62
8096
94
9044
80
7883
59
8098
63
8505
75
9118
85
9945
93
10235
91
10706
66
9651
58
7522
58
7773
92
8253
136
14365
141
10808
103
13205
132
14026
90
13495
140
15089
143
15169
92
11561
103
14024
105
14758
90
12205
90
12131
142
15752
135
14323
144
13064
111
18910
132
19497
135
15827
182
18193
161
19859
196
16795
151
17168
144
15925
139
18842
190
16661
144
20714
193
21529
133
16127
187
17945
181
18316
209
17547
150
25826
245
27055
229
19541
166
22185
227
20221
185
23224
247
27691
212
22397
153
26204
188
23887
220
22780
230
25376
170
23375
206
21278
183
29980
252
27982
272
24876
196
26971
197
27536
241
33268
220
27767
221
29299
212
29874
222
30603
187
27243
269
27213
190
31137
215
24588
232
29310
287
26402
298
28942
278
28742
236
32284
265
32274
257
33385
292
31129
286
34110
242
30421
325
29962
223
31499
258
34503
232
31423
219
32453
221
31832
246
31062
394
31333
275
32615
302
31903
299
32677
253
31905
253
32357
255
32328
252
32230
253
32346
253
31401
235
29751
277
29727
234
29765
234
29744
387
33153
444
50253
323
39696
322
41174
454
38530
309
42555
410
44737
383
43841
304
47341
314
42498
344
43297
340
38482
316
41070
308
42617
409
39560
427
39850
318
48893
340
44991
485
43842
401
41566
345
44713
391
47813
350
45415
390
44694
357
44114
335
47551
372
46848
398
45311
348
47022
340
46365
457
43925
541
50545
362
47717
420
59559
394
53314
478
51482
538
51040
429
57658
374
57354
514
57019
370
48999
484
53095
459
54872
379
61890
498
53531
508
47691
535
50591
583
53052
428
52597
501
50511
390
53148
516
51370
417
52998
482
55448
403
51155
501
51213
410
50551
398
50163
387
49507
389
49178
516
64270
563
52505
507
62402
480
60761
592
67450
557
61660
617
64308
555
63346
444
62915
457
67430
558
68984
558
60335
467
61127
553
59817
528
62920
494
71137
635
58079
515
70156
624
64059
606
66941
672
69357
501
73806
541
67756
454
68906
562
76311
483
65120
633
64518
476
64879
554
63448
474
67115
499
80848
589
61885
697
65018
543
76171
591
77617
683
72042
521
66790
523
79449
748
80329
723
70194
583
68532
496
73641
668
68735
722
68832
604
69184
516
88137
613
70416
613
74367
517
73629
642
80713
783
83087
606
75791
770
86625
817
78273
603
75087
661
70128
619
74367
627
76190
530
72680
573
75149
612
92736
639
86566
557
73599
751
79127
814
79360
722
80070
670
84076
760
79662
607
85445
647
77464
661
76307
650
76598
714
79066
592
75167
598
77964
567
96321
685
90292
869
81051
586
75891
761
85187
903
81490
730
91642
769
90119
708
83761
724
84350
743
82317
635
81558
667
81316
716
82751
597
75162
737
99205
625
95086
915
90696
813
92649
751
96008
869
88239
952
97883
836
93945
807
88065
652
91769
747
86693
784
85950
695
89019
724
81546
635
80219
699
104126
669
96308
665
99328
649
98916
674
93855
741
96121
753
94760
773
93382
889
91865
824
89296
697
92331
748
91860
816
91364
667
83947
663
84470
