45
3633
26
3350
27
3441
40
3490
28
3545
41
3645
28
3999
45
5506
44
5469
45
5154
45
5666
45
5422
44
4978
44
4690
44
3675
54
7157
81
7462
71
7533
70
7898
94
8324
58
7592
73
7974
73
9909
92
9450
92
10757
63
10784
93
8203
86
7556
70
8508
65
8369
134
11327
118
11270
120
11464
105
12732
131
16560
134
12426
94
11942
122
12479
122
14118
109
13075
136
14701
95
13393
143
13719
142
12214
107
14206
146
14599
192
18466
191
15260
135
16583
151
18116
159
17950
122
16795
175
17669
143
17538
131
22223
192
17103
134
17823
199
20198
195
16453
132
21773
212
18124
148
24842
240
28446
256
19027
172
19922
205
21700
161
22644
244
26866
207
21092
169
22891
210
21595
163
20160
230
28198
178
19992
179
22320
174
25133
256
23378
290
26302
290
26014
241
29363
203
25699
216
29195
278
27243
222
26862
216
34409
247
26951
266
27858
195
32530
226
25403
207
24416
312
30979
289
27267
226
33467
218
28866
266
30776
221
30803
257
32638
280
30165
297
34644
245
29132
282
37566
255
33336
352
28041
227
36070
218
31408
358
33517
282
32372
292
34080
250
33173
279
34046
267
34243
254
32293
256
32770
253
32433
253
32266
252
32271
253
32229
252
32163
243
31317
271
30108
395
32655
437
49345
304
36987
297
45301
413
37753
433
39276
355
47335
315
39733
307
42871
404
38828
430
45102
331
41900
424
41084
340
47027
287
47619
309
54008
333
41788
419
46454
373
47494
334
42963
431
43064
414
47603
340
45358
436
42959
431
41141
463
43793
414
54563
414
48930
394
46465
337
41955
457
50037
536
44554
364
47332
530
56984
456
51428
473
58894
372
51669
449
55752
428
53220
370
51593
430
50284
382
50491
460
64033
403
49495
401
54499
506
50558
377
49247
536
53140
482
59483
434
62541
389
66999
460
65160
389
59311
399
55515
437
51256
474
49370
406
49381
389
49314
393
49201
389
49143
504
69518
523
50958
470
62832
468
60157
478
67071
514
58982
523
60736
427
60255
463
60695
596
60231
427
67992
439
63526
622
59850
554
58667
473
57687
571
79141
450
58023
625
59975
508
72805
599
64579
522
64740
502
64339
538
71834
580
77292
535
67470
493
63920
516
70609
548
61356
473
78014
567
66758
461
84302
516
67706
737
69336
615
66950
591
72146
683
70381
511
72048
718
77171
717
67813
518
72090
542
70854
493
76582
724
63080
737
73768
576
70657
478
89852
565
78587
552
69083
766
73699
629
72488
528
75273
621
82662
551
88045
584
73146
604
75068
647
71530
623
84388
605
80955
695
73625
639
70496
567
93321
717
86493
607
71752
695
76228
782
77032
676
75861
603
78215
747
86401
644
81545
702
76856
708
86446
584
92015
614
84160
641
75131
622
72104
617
98893
725
88464
735
87957
693
81257
634
86537
666
84275
611
89246
614
81815
695
81227
681
85875
825
90475
624
90663
809
82491
664
78564
601
75271
741
103832
659
92688
688
92765
911
90230
882
86028
753
89103
925
93929
694
93327
726
90211
859
94533
898
100452
839
90790
653
84708
749
80072
634
80178
630
107979
640
97959
778
95109
696
94562
821
92288
746
100533
692
100880
877
97443
768
97787
776
99005
942
103184
878
91943
663
86508
666
84032
662
83754
