43
3766
35
3315
27
3475
28
3491
28
3638
41
3649
42
4441
44
5808
37
5206
44
5246
45
5424
44
4934
45
4968
45
4480
40
3720
67
6777
57
6986
57
8041
94
8982
75
8066
61
7886
76
7927
95
9521
62
8647
94
8258
94
8990
90
8543
81
8448
90
8522
75
8222
137
12177
137
11622
95
11731
96
16399
144
15597
137
13619
90
13896
114
12501
112
12938
89
13785
142
12758
130
13069
140
14726
141
14501
103
12369
183
15343
165
19251
190
15756
146
16818
145
18690
198
18630
124
17767
127
18874
155
17682
139
20310
199
18259
145
19360
181
17566
123
20859
195
15574
209
17796
235
27993
240
25379
211
18954
154
22289
161
19718
195
23222
246
23569
238
23094
168
21852
155
20017
187
29428
241
20228
220
21458
180
22745
182
24519
261
28415
256
27052
223
30817
187
25224
203
32661
210
25659
222
27220
272
30187
230
29163
187
29171
235
25737
260
28179
193
26118
295
27114
201
34119
323
31829
242
32430
248
30863
259
31058
323
31599
295
31335
246
34302
218
30565
326
29072
337
34947
260
32043
330
30428
302
36745
234
29745
354
31254
269
30774
332
30876
256
30842
252
32755
255
32248
251
32482
257
32608
297
32344
252
32267
244
31272
244
30539
274
30052
274
29959
234
30223
400
34499
444
47133
279
34384
430
40082
374
43359
322
41339
328
50026
380
41804
325
39861
383
44700
334
45204
329
42593
377
39466
436
41536
403
42128
312
50783
383
44270
339
39715
509
43664
473
49624
391
48410
458
44457
361
47255
421
49514
429
48899
346
44602
363
49198
342
51635
346
44764
367
45284
480
50061
541
48453
343
48293
481
51863
442
50374
402
61977
384
51174
500
56310
391
54423
462
57595
389
56462
514
51907
442
59696
403
52312
559
49009
453
50980
544
50175
388
54803
519
50767
426
56557
458
59464
473
58398
504
60965
402
61629
480
55591
407
54231
390
49737
388
49484
387
50111
388
49464
550
68815
619
56074
611
61524
551
67660
503
58259
555
58958
497
64665
444
60783
599
62546
604
61477
433
65638
593
62077
444
62163
591
58783
434
63478
574
75237
471
61086
631
65383
564
76373
477
61969
677
64198
572
70545
705
72264
519
71929
675
70285
679
68881
481
65649
568
68073
634
64264
480
71418
515
80410
476
62427
556
65915
486
77585
562
69496
753
70325
601
73224
729
72325
552
72741
576
77334
537
66759
620
69422
601
67185
539
74326
504
76229
498
87706
492
69692
629
69737
817
69947
637
77236
765
82007
788
84011
560
78703
549
80969
688
77452
641
75026
588
79828
667
70988
688
79729
569
72198
639
93229
652
78935
765
71437
760
75136
605
79180
594
76394
617
83879
851
83146
742
86800
629
81558
655
80562
638
81807
635
81001
584
74929
641
72123
621
97854
638
84071
604
88814
612
79737
594
82996
750
87701
683
86152
715
85352
854
91057
844
85120
622
86783
658
87153
661
81305
709
78358
598
75808
629
101941
852
90182
688
96098
737
89037
628
86730
713
91742
868
95737
655
90842
907
87550
751
87501
722
91088
847
85095
660
86442
650
80819
632
80533
813
105368
754
92813
930
99820
754
95676
758
97993
734
99922
949
97300
697
100465
744
94697
795
92032
876
99636
844
90446
723
85013
672
84930
663
82907
