8
480
7
765
10
1050
12
1437
15
1642
18
2076
29
2947
34
3601
54
3943
41
4412
41
4461
41
4425
41
4442
41
4472
41
4517
15
1294
15
1826
28
2619
37
3489
31
4366
51
5215
60
6479
69
7021
75
7790
82
8531
70
7801
63
7522
76
8203
73
8523
89
8672
14
2150
34
3433
42
4698
60
4908
66
6654
78
7990
90
10036
102
10459
112
12089
123
12655
133
11513
110
11337
123
13302
134
13322
125
12690
19
2448
39
3527
43
5779
74
7073
90
7662
93
8037
83
8949
95
11430
105
11747
140
12989
122
13553
140
12364
116
17970
141
12802
115
13084
34
2421
37
5770
75
7744
94
9050
121
9681
101
13021
149
15840
168
17058
190
17189
194
21931
207
21545
206
17608
144
21571
208
21391
206
21687
43
4186
68
6897
91
8828
114
11142
134
11381
159
13791
133
14330
159
16927
184
18852
180
21186
189
21861
258
20175
214
21697
273
19102
172
21230
41
3391
70
5526
80
9348
121
9402
123
12368
152
15568
176
16174
206
20560
200
20533
230
22526
205
23600
220
22034
202
22444
204
22932
271
23224
42
4234
61
6905
96
8442
103
10811
124
13125
149
15375
167
17683
188
20023
209
22410
231
23817
222
23305
216
22757
262
22725
214
22722
215
22669
59
6568
101
10528
134
11719
153
17350
167
18226
224
23698
271
27051
259
32479
339
33154
336
38618
370
38640
328
35856
350
28554
278
28570
291
33545
61
5180
76
7982
113
15167
187
14522
179
16884
184
21707
238
25696
253
28551
310
29597
304
33356
359
33018
336
33468
289
32729
323
33468
332
32939
70
7967
124
10033
175
16141
208
20891
231
25693
297
29256
264
33528
353
33762
399
43155
452
39983
439
38702
352
36857
318
36494
394
34428
347
35532
61
6322
95
11334
144
13498
155
17232
203
21403
232
26258
279
28588
310
32368
347
36349
349
39122
351
37471
345
37028
346
36917
346
36857
347
35788
82
9613
147
11647
168
19430
243
24735
291
30056
344
34546
387
37698
411
44986
458
41793
391
43523
414
53476
515
55541
520
42791
395
44921
494
42029
67
10156
157
14172
190
20297
258
26207
315
29088
335
38222
446
44156
474
44497
528
47414
477
46239
448
60575
555
45472
420
48065
459
49643
407
47076
71
11131
159
16469
227
19462
273
28395
342
35322
393
37917
397
44013
369
39288
439
46367
476
51820
474
59443
512
51375
515
53359
450
50568
434
52255
76
11170
156
18236
243
23056
305
31246
362
39193
423
44090
480
44333
428
44870
462
55888
490
61949
540
56174
505
54017
547
52415
550
52370
473
52713
81
10405
158
18388
260
25734
315
27874
349
35764
367
45436
502
38775
489
49474
537
64771
532
62985
605
60090
538
57100
538
59290
587
54524
559
55610
86
11462
181
19449
271
27239
337
34455
412
38508
415
40128
479
47521
492
60538
566
62937
619
59079
554
58897
566
59606
574
59201
602
58319
520
55494
91
11914
177
19679
258
28757
358
38452
415
43275
476
43260
402
49037
565
65320
608
63993
608
63785
670
62226
679
62048
559
62723
591
58531
549
58604
111
11469
173
19839
278
30692
359
35976
372
44742
410
43545
533
55426
678
57809
747
59052
581
69723
579
67883
655
65405
646
64657
581
61710
578
61695
