7
479
7
766
10
1055
13
1507
18
1665
23
2223
29
3216
33
3589
37
3903
40
4336
41
4226
41
4161
36
3919
28
3401
38
3119
9
1007
15
1546
20
2383
36
2763
31
3521
38
4483
41
4688
53
5601
52
7390
84
7798
57
7573
61
6699
68
7108
59
6977
57
6210
14
1614
31
3094
46
3739
43
4570
51
6832
81
6467
78
6950
82
9593
98
10913
89
9346
86
10861
107
11678
88
10006
97
10385
97
10705
19
2015
43
3261
49
5742
75
5574
72
7329
76
10004
102
10400
109
13323
156
13780
135
12896
115
13146
115
12367
126
14087
131
14776
126
13458
34
2430
38
5519
69
6433
82
6793
77
8524
91
10614
106
13464
148
15872
144
16088
150
15486
157
18026
185
19012
205
17029
144
18391
215
17392
28
3779
48
5589
61
8548
80
8462
93
12097
136
12314
147
14845
180
19429
179
20867
198
21891
186
21719
173
24202
199
19980
191
18528
176
24446
55
4093
76
6566
108
9183
133
10382
117
12908
130
13886
153
16815
175
20032
202
22213
208
22682
245
22730
227
27997
252
21625
202
22366
232
25820
38
4057
64
6735
98
9057
103
12894
150
13709
166
15400
180
17751
189
19999
208
23017
230
24722
230
23847
222
22815
214
22838
216
22760
215
22723
58
6647
102
7134
92
10771
165
15808
176
16178
189
20620
189
21824
225
27293
235
32299
333
28960
300
33595
292
29027
283
31785
344
30192
272
33792
73
5332
82
7708
102
14168
168
14415
168
17155
195
21489
209
24321
256
27790
297
32322
342
32199
289
33456
352
31504
289
32296
296
32729
294
32209
68
7640
123
8706
126
14588
204
16725
212
20635
205
22052
282
29728
348
33775
354
40570
420
45065
450
45429
398
41244
357
39988
451
42483
447
42554
86
6723
101
10199
132
14030
155
17983
211
22705
267
24082
278
26954
312
30271
314
34106
359
38297
382
40425
368
37165
404
37077
345
37235
344
37053
67
8324
148
11585
138
14434
173
23643
281
23231
307
31431
295
33910
390
40183
444
43202
398
46898
415
44690
483
45080
502
51098
464
42309
400
45348
73
8264
132
11305
160
16200
209
22435
251
28520
356
35553
362
40083
381
43022
419
46750
444
53152
588
53723
501
50340
434
48766
437
44819
411
45141
74
7423
114
15244
211
18505
266
23187
325
30551
372
32020
370
43837
487
43309
499
51255
464
50650
533
54231
498
51772
442
54903
463
53434
437
52655
76
7986
121
16195
207
19412
289
27167
315
31693
337
41948
419
43534
435
44341
473
56937
626
60214
598
54942
486
53624
542
56056
592
51316
475
53993
92
8815
129
14923
219
24053
316
28070
385
37020
390
38086
487
40807
401
54122
533
56148
654
60421
536
58321
500
64506
538
59655
508
53724
491
52612
86
10007
143
14874
198
22039
243
30994
290
33241
357
46439
465
46025
454
46449
630
57236
602
59510
597
61630
680
62340
687
58421
542
60390
571
55773
91
10203
152
16038
240
24096
280
30075
341
41055
423
40221
491
51994
478
58608
586
59057
641
66339
727
67133
583
62209
609
60073
554
58565
553
58255
100
10755
172
16139
208
24747
291
28752
354
39444
390
41548
434
52234
514
61161
558
60306
635
70498
582
69294
596
66535
654
62243
578
61577
579
59748
