8
482
7
769
10
1058
13
1341
15
1635
18
1919
22
2558
31
3492
37
4018
41
4270
42
4377
41
4229
40
4065
34
4187
41
3377
9
981
15
1673
20
2224
36
3543
49
3740
36
3947
43
4784
47
5595
55
6263
58
8270
82
7878
71
8039
62
7255
57
6350
57
6781
19
1478
24
2546
37
3747
38
4905
68
7003
76
6168
87
7386
70
8326
85
10592
106
9723
88
10468
114
10851
91
9868
103
11409
118
10469
20
1945
30
3789
51
5711
70
6223
77
6899
76
9098
97
9635
94
11502
123
12902
162
12593
128
16183
154
13392
120
13004
125
15578
132
13637
35
2558
38
5722
74
7277
87
6994
93
9161
117
10243
104
12689
149
15688
170
15393
144
16179
144
17113
170
21327
210
16350
166
18748
171
16648
36
3962
69
5072
68
6931
89
9210
104
12822
147
12256
140
15155
160
15798
189
20448
243
22427
178
19346
194
21682
196
22457
197
19874
182
19157
33
4150
68
6339
107
7787
94
10961
115
12286
161
14905
174
18786
204
20141
196
26452
250
23264
215
23083
217
26659
245
23148
216
25296
219
22440
45
4199
69
6169
82
8779
103
11520
156
13274
152
15495
168
17720
188
20047
209
22423
230
24672
230
24707
235
24107
223
22805
216
22824
215
22720
65
6699
103
7692
100
10314
159
16427
214
16149
183
19423
260
21319
214
23647
246
28890
391
31288
285
29226
290
29510
260
33342
287
28589
280
31746
48
5635
89
9412
115
13946
163
14531
168
18310
193
20290
219
28934
340
26170
270
29636
303
32580
322
32871
313
33092
288
30874
310
30896
315
30834
81
8009
124
8582
127
12906
165
16368
170
19928
225
21876
228
31753
376
30893
317
38887
429
37011
336
38840
346
35156
368
38965
432
39151
361
36678
57
7246
134
10212
123
17206
227
17235
202
21110
250
24518
250
28636
340
34124
331
34546
348
40839
352
38229
350
37145
347
37206
346
36960
347
36841
87
9102
125
10645
134
14798
199
24279
296
25604
254
30871
301
35314
390
33711
362
41732
412
48171
375
46102
416
47022
507
51558
491
42148
426
42149
67
9217
111
12065
213
16682
186
25999
228
31103
349
31050
310
34131
410
41729
416
52162
464
51687
473
48611
567
49643
485
47799
433
48373
555
47401
71
7568
118
15046
226
16147
215
22578
304
29348
359
32831
355
40405
372
41522
566
45691
531
52435
497
57044
590
53146
501
49103
527
54251
572
52032
88
8046
134
16848
229
19729
279
25740
271
29262
347
34408
412
41835
491
47763
419
53100
554
62353
545
54768
744
57738
497
52688
525
54051
463
55444
103
10246
174
14329
193
24708
228
30397
314
34827
394
39432
505
45376
579
49245
613
60602
505
64206
511
58066
653
56401
537
56973
492
58272
493
52709
94
11294
182
14854
216
19529
260
30099
333
33516
437
39304
499
45442
485
50706
617
60407
618
71460
664
64592
594
61977
536
61162
568
56030
521
55691
103
11242
158
15791
225
24755
321
28996
390
34307
438
39326
440
45596
633
51117
519
59152
547
71521
593
63530
672
65810
550
64391
630
58710
550
58746
117
11106
179
16260
229
26405
335
30660
319
34603
399
40173
446
46650
491
59565
722
69873
803
72473
684
67811
656
70420
603
61694
580
61664
576
60500
