7
482
7
769
10
1109
12
1352
15
1629
18
1976
20
2273
27
3096
37
3953
40
4172
36
4347
41
4403
41
4192
39
3938
41
3466
13
1054
15
1743
24
2361
29
3160
31
3323
38
4411
48
4764
52
5649
64
7569
88
7751
67
7098
72
6689
58
6295
57
6674
61
7893
22
1546
22
2496
37
3358
42
5369
67
6253
56
5815
71
6845
70
9122
98
9263
87
9673
112
10751
95
12000
86
12640
127
10845
96
9263
27
1989
30
3175
41
5113
81
6539
68
6831
91
9239
103
9569
118
10753
129
14454
129
15637
152
13774
134
14051
117
13876
165
13612
128
16677
34
2434
44
5494
75
7259
78
7041
91
9012
114
10983
127
14698
144
14083
161
15852
143
15575
147
16169
158
19576
173
16613
154
19327
155
16036
39
4018
58
5775
86
7035
95
8745
94
11033
119
13573
173
14234
146
19694
157
21528
219
20386
191
19761
175
22716
201
20501
227
21084
176
21021
44
4068
81
6226
86
9383
118
9463
109
15334
171
13510
146
20699
191
18366
191
24738
241
22247
201
22779
216
27465
260
23199
208
27175
254
21871
38
4554
85
6272
82
9205
103
10814
129
13247
154
15451
168
17739
188
20041
209
22549
230
24911
231
23928
222
23937
211
22853
215
22734
214
22751
57
6522
104
8121
115
11270
141
15848
169
15088
164
20009
235
25879
241
30066
344
31696
353
34403
263
29130
274
29742
260
30972
272
34874
368
30501
51
7363
113
8970
103
12478
134
17341
198
16905
209
20630
221
24794
253
31707
401
28953
290
34304
292
32422
372
32655
287
31783
289
32004
317
31059
78
7554
125
8848
116
13022
147
15221
198
20320
204
22592
258
28708
360
32834
299
39087
427
39470
338
40606
386
39300
328
37004
326
37858
376
40277
78
7409
123
10401
147
17467
235
18604
232
20516
261
24789
308
26697
325
33795
333
34042
442
37263
401
38386
345
36960
348
37020
347
37091
348
37098
69
9479
151
11189
170
16086
218
18525
257
26622
343
31533
317
32098
344
37187
400
44044
385
45306
419
44886
442
45485
479
46329
505
51636
437
43476
66
9255
140
12729
195
19314
205
22561
230
30333
341
30277
357
35783
343
42678
432
49102
570
50841
489
54275
497
44745
403
47956
572
50441
416
44991
84
7586
115
14292
195
16186
219
28085
306
30591
383
34143
345
43741
425
42656
432
45284
575
49596
500
60334
551
48198
462
55027
588
48507
445
47381
76
7801
133
15599
187
19953
240
24717
286
27454
294
35669
385
43402
551
47348
498
51916
563
61551
462
62377
491
52316
488
61405
514
50573
515
52739
81
9524
170
13949
199
23033
299
25399
299
31018
333
36869
360
42057
418
45180
486
54916
552
67786
625
61362
601
52805
507
62032
557
53472
526
52644
106
10247
150
15195
196
25218
336
30532
387
39046
473
43465
524
44105
481
47669
512
62768
704
67251
611
65859
525
67278
560
59954
520
55368
522
55754
90
10453
168
18940
264
25990
339
27087
322
35398
400
41960
400
46103
559
54378
521
63953
569
69556
596
71559
603
67274
606
58949
550
58849
553
58570
110
10546
157
19692
294
29207
349
28155
335
35164
438
39981
516
47901
511
59421
626
69731
684
73518
691
72491
611
67452
578
61931
578
61800
577
59716
