7
476
7
765
10
1051
12
1355
15
1630
18
1992
20
2362
27
3028
37
4007
41
4228
41
4325
42
4287
41
4233
40
4458
40
3985
9
985
15
1634
23
2193
26
3024
44
3425
41
4623
60
4433
59
5688
59
7775
83
8420
83
8733
73
7327
58
6849
58
6596
63
6393
14
1754
30
2423
35
3492
49
4452
54
5554
59
6275
62
7248
80
7981
88
10050
105
10389
102
11882
137
10159
86
10987
118
11021
101
10480
19
1969
36
3525
41
4830
67
6479
68
8343
98
8616
83
10463
118
11505
106
13205
130
13430
133
15043
143
14022
130
13235
119
13633
140
15471
33
2663
38
5638
75
7211
86
6971
77
9646
105
11061
105
15464
125
16596
146
15215
182
17400
193
17290
178
17372
166
17693
154
17256
157
17763
41
3601
62
4932
66
7979
111
8862
98
11261
139
14632
133
14161
191
18877
180
21251
209
21584
186
20015
180
21738
196
21030
195
24195
225
20588
34
4541
59
5782
76
9696
123
10863
116
14353
167
13495
145
18627
204
17889
198
22464
202
25665
281
23456
223
24040
203
25550
224
22341
201
23648
38
4042
64
6635
94
8797
114
11259
124
13520
146
15386
166
17696
187
20148
210
22395
231
24711
230
24704
230
22811
211
22769
211
22719
212
22733
59
6569
94
6965
92
10987
130
16785
191
16331
176
19437
190
25982
268
27591
324
32989
337
32578
260
30615
309
31142
297
32439
339
34511
279
30347
48
6588
79
8596
105
10645
130
16601
198
17743
211
20686
221
24115
246
26005
271
30400
301
35205
309
31786
296
31956
301
31144
308
31618
300
31494
69
7925
126
8480
113
14123
223
16286
200
19919
220
23216
233
31112
335
32232
400
33618
380
37064
391
40874
345
36357
398
38132
344
36052
358
36041
65
6602
99
10101
130
14838
174
21214
204
20188
228
24406
252
27899
282
31845
338
33935
376
37660
351
38333
381
36994
346
37016
346
37050
346
36898
80
9221
146
11305
172
15551
180
21712
247
27325
294
29332
305
32196
436
38536
343
40216
385
47689
411
42622
460
48022
411
46330
455
41777
383
42971
67
9410
128
15048
195
16347
195
24435
281
29304
331
29901
353
33972
333
40101
399
46701
488
48308
445
47217
427
45643
403
53335
538
49182
453
44041
95
7278
137
15588
203
16954
193
25552
268
32238
343
31441
350
37323
421
41028
418
44497
496
52144
456
48283
459
56178
486
50596
566
54002
447
46759
82
7874
121
17044
224
21318
215
25683
329
27745
332
34972
390
38881
477
46965
481
49952
559
53083
612
57555
466
55124
513
49885
505
55735
478
53143
94
9903
178
14895
182
23673
244
26189
330
31400
366
37111
436
43275
506
53941
490
56483
600
62750
709
54052
508
58894
507
59921
539
56767
538
52503
86
10668
138
15435
215
20870
274
29790
375
33099
351
42715
447
44645
493
47155
505
56585
617
64654
578
63505
698
64713
562
60992
587
56270
523
55602
90
11037
170
17529
254
20621
279
28501
366
33956
385
40976
396
46280
447
54428
527
64619
582
70549
643
65802
625
64606
567
62497
551
58622
551
58829
95
10736
164
17224
218
24762
358
28651
358
34510
404
41760
428
54190
655
56759
609
67093
682
70552
690
70860
613
67381
580
62299
577
61665
578
61279
