8
481
7
769
10
1059
12
1352
15
1634
18
1960
20
2508
33
3268
37
4040
41
4297
41
4300
41
4167
41
3827
32
3641
33
3761
9
976
15
1655
29
2299
27
2753
31
3628
36
3863
41
4494
60
6792
73
7697
84
7726
86
8218
73
6898
63
6203
68
6526
71
7195
18
1510
23
2636
37
3481
40
4417
69
6801
80
6545
63
6736
81
8062
78
9579
92
9791
96
9947
86
11333
98
9909
99
10814
95
12375
29
2078
30
3144
46
5295
60
5441
70
8280
98
7863
83
9478
104
10738
115
12318
155
14008
143
16436
141
15057
137
15621
158
15013
138
13287
34
2419
48
5768
76
7492
68
6823
77
8942
91
9686
125
13999
140
16108
190
14101
145
17607
179
16711
186
17179
148
17381
179
16358
144
18953
29
3130
46
4667
61
8643
101
8515
101
11697
123
13562
144
15745
173
16466
159
18265
230
22001
187
22460
227
22010
175
20725
174
22695
233
20543
35
3858
71
6895
104
7922
90
11412
117
13493
194
16409
151
16008
181
18578
183
22216
221
23224
220
23719
216
22445
206
23976
213
23125
213
24611
38
4336
79
6439
93
9360
103
10984
124
13238
145
15510
167
17748
188
20071
210
22393
230
25092
230
23014
218
22979
217
22833
212
22800
215
22789
57
6991
101
8659
92
10393
121
16359
193
16102
226
19577
200
20236
228
26971
297
27217
304
29678
347
35181
374
32301
284
29840
297
32688
359
33530
48
5193
78
9117
113
12110
178
15259
166
22065
260
19737
245
25214
272
26753
293
29402
319
31724
303
33655
302
33233
288
32689
297
33040
298
32138
70
7896
107
9186
120
15965
176
15241
193
19944
238
22709
255
29771
325
28733
298
40848
449
37709
347
38766
383
38012
329
38151
335
39875
359
36509
66
5939
104
9265
137
13169
154
17285
210
24149
303
27485
333
30271
318
33039
349
37468
378
37849
350
37081
348
37223
347
37215
347
37047
346
36937
72
9146
152
10380
161
15388
175
19880
208
22876
275
26854
287
34395
344
36341
353
41345
401
49173
483
43982
432
43047
376
42273
431
48992
450
50431
89
9110
125
14638
209
17418
190
23196
270
28954
341
31418
391
32226
350
41996
466
44578
458
48329
505
51748
526
49550
441
46158
458
48458
479
45753
73
7787
121
13138
186
17427
242
22387
299
30429
287
34510
367
37455
414
44838
449
50283
605
53509
437
55859
594
50038
453
48776
564
50628
485
50404
83
9049
143
15953
172
18563
221
25783
334
27466
298
34652
348
42703
407
44114
450
48806
485
58978
462
58302
586
54355
464
54539
489
52078
492
51253
96
9399
142
14041
197
23926
262
27802
389
31824
376
40643
455
41520
431
45453
445
61684
561
64133
551
64172
561
57649
509
56674
566
54666
490
52720
93
9227
157
16133
216
20160
232
26495
306
39168
343
39289
447
43449
464
50468
533
62881
524
66363
556
62230
584
59931
564
59887
568
55953
525
55393
91
10001
163
16692
232
22091
295
31625
324
35564
411
42467
427
47078
501
54813
681
60145
755
62547
549
62572
617
61168
618
61756
551
58946
549
59052
95
10389
157
17050
249
24843
274
28354
331
39866
401
45910
510
53576
506
60700
660
66025
623
68460
579
66135
657
64134
580
61917
581
61726
579
60968
