8
479
7
775
10
1057
12
1363
15
1647
18
1916
20
2524
23
3512
38
3969
41
4222
41
4307
41
4391
29
4287
41
4162
38
3253
9
969
15
1573
20
2515
26
3290
33
3725
45
4613
58
5081
54
5308
57
8539
90
8266
57
7093
68
6420
57
6954
71
6723
60
7160
20
1644
27
2550
40
4079
46
4664
59
6009
55
6524
77
7054
82
8465
105
9901
87
9876
87
10720
86
11945
127
11656
96
10046
114
10356
19
1940
32
3196
48
5912
57
7187
68
6632
72
8412
89
9323
107
13511
135
12822
133
13920
134
14171
144
15658
141
13582
115
13462
131
13836
34
2420
40
5706
75
7249
75
6750
77
9578
124
11571
115
15987
173
13165
136
14665
173
16917
143
16561
159
17964
199
18867
186
16441
156
18088
29
3814
67
5247
93
7355
86
10924
147
11491
137
12727
163
15580
167
16907
205
18424
188
21399
185
20109
200
21628
188
20337
183
19558
172
21136
50
3958
65
6066
92
10271
119
10247
119
14009
149
15231
194
19480
196
19064
197
22991
228
25950
236
24716
246
22766
208
24089
209
23928
207
21795
38
4047
87
6674
82
9194
104
11248
151
13132
147
15533
168
17635
187
20161
211
22388
231
24603
231
24637
231
23845
223
22797
215
22750
262
22716
57
6645
102
7100
102
11244
139
17246
157
16796
168
22317
241
22215
222
23843
254
29408
265
30325
319
32865
332
29741
266
30570
280
33563
318
31212
66
6096
77
8440
121
12124
141
14704
168
20614
216
22969
241
25380
237
27210
269
30727
306
34947
308
37999
374
35556
314
32403
330
32711
303
32991
73
8193
125
8499
112
12400
160
16423
212
22364
218
24727
258
27398
311
29704
334
40541
410
37804
331
37489
369
42845
386
37531
345
40242
433
38362
64
6325
116
10528
142
15510
177
18389
216
23474
240
25456
296
27335
291
33370
372
38560
451
41321
376
40319
368
37448
380
37062
345
37197
348
36854
63
9114
122
12074
184
14870
193
21815
274
23735
261
27171
286
32177
309
39569
415
45923
478
45492
438
44404
435
45145
383
45139
450
44097
402
47606
84
6844
129
15831
210
16320
230
21141
242
27031
296
28983
316
32276
360
37512
367
44138
508
50702
474
47380
428
51325
433
48041
452
50746
561
45955
91
7314
114
15577
211
20714
240
24721
257
26563
311
30924
367
36923
387
41658
426
45240
432
51323
552
50260
525
53194
453
51720
462
53902
535
47693
76
9119
139
12955
164
21446
286
23639
266
28597
318
34086
344
39668
423
43706
426
51617
591
52884
555
55376
527
57394
512
59075
591
56210
540
50822
99
9771
146
14226
199
21018
231
30346
347
36791
340
35190
415
43405
463
44063
470
53930
597
61206
525
59421
537
58461
489
56910
508
56007
509
52574
86
10650
143
16187
188
22608
267
26008
329
31707
356
36707
431
44380
455
53871
534
58924
549
59145
542
62427
606
62771
519
59822
520
55981
522
55488
90
10584
175
15777
225
23063
262
29202
344
34501
441
43216
504
45703
511
52032
552
59614
631
64223
721
66496
699
65989
563
62517
612
58871
550
58501
97
10756
170
17489
210
25820
297
29219
311
35895
456
45317
420
52224
506
57516
582
61753
635
68535
643
70301
616
67159
585
62020
577
61685
579
60362
