8
485
7
767
10
1067
12
1345
15
1635
18
2011
24
2556
34
3481
37
3836
41
4453
41
4269
40
4268
40
4336
40
3492
29
3266
9
1042
15
1553
29
2614
37
3306
31
3337
38
4087
53
4666
49
5525
56
7313
65
8739
86
6856
76
6282
57
6818
68
7009
71
7205
19
1929
34
2316
30
3687
49
4345
46
5932
54
7650
90
7803
70
8020
99
9678
104
9387
86
10419
87
11779
132
10673
108
11383
123
9430
19
2543
30
3266
54
5239
59
6459
82
8799
92
8596
100
9572
98
10880
111
13305
121
13004
121
14969
145
15048
127
13275
147
16874
159
13577
34
2768
51
6091
76
6691
64
7846
77
9582
121
10113
115
13843
146
14678
136
14695
170
15835
144
18471
181
19429
208
16813
157
18801
144
15812
28
3667
61
5786
74
7139
78
8070
102
12159
131
13241
150
14439
161
16203
165
20791
195
19043
174
24657
217
19085
173
23860
176
20164
178
21760
34
3772
53
6058
74
7728
93
10653
126
13274
157
14708
187
17107
198
18907
194
21820
230
23667
211
22151
249
23826
212
24257
201
22465
202
23874
38
4833
72
6199
93
10259
132
10872
127
13142
146
15441
166
17975
189
20012
209
22382
230
24603
231
22830
216
22808
262
22771
215
22739
211
22701
63
6248
110
7107
106
9684
130
16822
205
15803
177
18895
263
24835
232
25258
239
30536
274
32945
278
36677
284
29752
284
31319
280
35453
345
36048
55
4945
80
8131
103
13346
142
15101
159
18874
221
21659
212
22634
265
29731
330
29956
320
33375
298
32975
299
34992
321
33158
357
31673
288
31676
70
8175
125
8853
112
12410
149
15956
210
20107
237
25816
329
26639
259
30218
287
33959
403
36755
326
39994
400
43501
334
37704
344
35449
383
37511
72
7335
141
10678
164
13218
159
19883
199
21476
247
25479
284
30792
288
35115
369
37613
370
42485
439
42703
381
37238
345
37218
346
36908
347
36954
84
9338
112
10888
134
16564
168
20006
247
25504
294
31056
378
32849
404
37477
347
42846
449
51174
455
44169
489
43456
384
44214
463
43468
389
44745
74
9064
134
11617
158
18926
249
23543
258
27360
325
32099
332
35215
369
41868
411
47177
499
50966
487
47665
578
46696
430
47960
438
46816
405
47539
93
7527
120
16376
195
18620
204
24721
269
29250
369
30413
313
36136
389
48195
504
48341
540
51095
471
49606
467
50796
487
50611
556
51730
494
52623
76
7794
150
15926
192
20333
207
26074
279
29995
375
34351
387
43010
561
52807
600
51153
537
53702
568
56714
487
53498
509
56389
463
52080
463
55270
81
9641
143
14187
177
22689
308
29053
348
30085
367
36388
406
39448
527
50463
457
51484
564
59692
541
55838
535
55421
585
57482
491
56752
507
52711
86
10577
178
17673
271
23848
232
29151
351
35819
467
36914
394
50082
447
53000
554
55342
567
64406
640
60323
626
58359
567
62556
542
56799
520
55356
99
10079
150
18959
249
23961
282
30279
359
34686
394
44471
552
55897
579
51657
586
59433
569
64512
651
64857
589
63940
606
64896
621
58630
550
58437
108
11719
152
19012
221
24336
257
31424
310
35035
388
42838
469
45379
582
55372
668
58919
643
66275
691
69326
657
65885
673
63291
581
61714
580
61346
