8
480
7
764
10
1056
12
1347
15
1628
24
1946
26
2683
34
3624
38
3858
42
4197
41
4474
41
4269
41
3849
44
3638
28
3096
9
1066
20
1742
21
2296
25
3277
31
3414
36
4268
41
4864
46
6362
60
7375
81
7343
74
7991
57
7042
58
6684
72
7370
57
8074
21
1495
25
2704
41
3414
40
5417
67
5781
59
5825
62
7475
78
8599
109
8589
86
10808
99
10365
91
12227
108
11407
120
9506
109
10451
19
2563
45
3874
52
5226
55
6230
63
7498
74
8292
89
10493
114
11547
108
11490
114
15638
148
13017
137
16047
156
15200
136
12356
120
16941
34
2517
38
5494
74
6831
70
7618
77
8506
96
10110
103
13154
147
17079
163
14416
157
18714
200
16289
184
17600
164
16689
161
16599
158
16121
28
3438
66
5845
89
7828
78
9639
108
12021
126
12348
128
15467
186
16798
175
17736
186
19194
189
23357
223
19942
182
23141
200
20511
194
20807
51
4376
82
5717
72
8191
110
10561
116
12660
128
14744
156
19182
185
18586
223
23292
220
23571
266
22190
203
29038
247
22921
206
25529
201
25237
56
4169
69
7048
91
8647
102
11830
125
13694
166
15848
167
17736
189
20281
210
22445
232
24714
230
24998
229
24642
231
24597
223
22910
215
22759
61
6591
102
7055
121
10023
116
16503
181
17069
220
18289
232
21880
260
26053
245
31888
309
31988
306
29883
276
30830
293
31916
327
29567
281
31708
50
5072
80
8323
118
11831
149
14458
158
19341
227
20612
246
24207
260
30993
346
36880
337
40715
398
31875
300
33979
290
32565
316
32670
313
32640
75
8285
123
8791
112
14929
191
15318
191
19249
223
21686
254
28636
333
30453
287
33413
322
38279
371
44477
329
37958
418
36519
372
38417
359
36912
80
6122
94
11828
150
14142
159
16974
225
20016
218
24756
281
30029
316
31971
323
35813
386
39333
371
37780
359
37084
348
37193
347
36890
345
35716
62
8083
108
12248
150
17386
184
18473
225
22356
252
30791
327
31329
309
34324
350
46403
512
44781
376
43829
388
46025
527
44704
426
45794
401
47480
72
7032
126
14846
210
15378
207
20699
280
27377
315
29469
322
35657
423
44345
458
42744
515
49728
436
46638
461
47466
440
53149
415
45287
451
47310
80
7501
118
15483
211
16251
221
22683
255
28133
296
32574
350
42569
477
48659
540
49727
513
52706
461
48962
449
54289
593
61443
529
49008
460
51756
80
8643
138
13525
166
23839
272
25656
268
31960
292
35306
368
43794
424
42064
502
47639
580
55210
524
56773
461
65327
527
53776
531
53551
473
52982
81
9326
182
15560
177
21450
277
29513
337
30234
333
36039
371
42060
514
46726
455
52393
589
59531
542
65987
501
65994
520
55849
548
53944
588
52741
85
10904
179
17311
235
20166
278
27846
323
34941
355
43853
466
51030
528
50404
544
53918
536
67896
614
72345
554
65499
660
58509
548
56095
524
55693
111
11117
169
17358
228
23702
343
29305
396
32973
353
41697
524
43544
500
53241
577
61122
709
70979
685
70986
670
61611
563
61605
634
58788
551
58824
116
11355
166
17089
209
22594
279
31555
364
34487
433
47498
428
49526
552
57034
577
62880
722
76389
800
71570
698
64807
658
62006
579
61593
581
61710
