7
481
7
761
10
1058
12
1348
15
1635
18
2323
28
2908
33
3710
37
3702
41
4430
41
4194
30
4097
42
4023
41
3643
31
3132
9
1107
15
1542
20
2879
38
3073
33
3279
39
4232
49
5759
73
5622
56
7231
89
7623
83
7475
72
7948
64
7210
63
6595
71
7000
23
1660
23
2711
30
3689
50
5846
68
6207
64
6303
62
7910
87
8476
88
8811
99
10104
98
10275
99
10325
89
11183
113
10193
102
11673
19
2061
43
4157
41
4613
51
5550
74
9083
102
8288
83
9714
93
12860
120
11836
134
16118
152
15163
137
14971
151
12345
115
15975
141
13492
33
2978
38
5810
75
6487
87
7352
84
8982
101
10018
136
13625
137
14691
139
15991
187
17541
146
16478
156
18613
190
17995
173
16857
159
16532
29
3754
46
5809
82
6731
77
8326
112
10873
118
12772
148
18097
145
17192
200
20483
195
19798
183
22371
193
21389
220
19543
186
24839
232
20555
41
4297
79
5731
72
8042
90
9880
120
14179
157
14445
164
17508
197
18213
182
24850
254
24964
244
21603
201
26260
247
22299
237
21780
204
24181
42
4563
70
6693
96
8566
107
10791
125
13081
150
15436
165
17688
189
20190
235
22504
229
24083
222
23865
223
22908
216
23150
262
22717
215
22717
60
6952
95
7651
119
11624
125
15228
158
16632
178
18054
207
21630
231
24510
264
28266
317
32661
331
30348
313
30525
303
35239
342
34094
334
29688
59
5383
81
9294
120
14993
173
15085
171
19929
213
21969
244
24757
240
27362
334
30369
314
35547
323
32687
367
33898
323
31022
310
32609
289
32341
67
7960
124
8482
113
14748
196
18074
181
18658
238
24518
230
26683
303
32145
317
34073
328
37040
342
38712
386
38142
349
38219
338
40542
439
42835
87
6989
119
9587
140
14337
203
17958
213
20999
237
27348
258
27486
287
32406
343
33827
371
39639
360
38508
346
37246
347
37193
348
37274
346
36889
72
8325
111
12760
156
15545
196
19253
231
24882
277
27479
303
31300
328
40613
493
43849
534
41993
375
48832
430
43325
403
45606
495
44389
376
43523
84
7412
107
13664
192
16763
201
19931
242
28123
306
30109
317
38468
495
39909
451
45173
515
50958
558
45878
406
45739
456
50598
504
46231
404
45712
76
7295
114
14675
167
17066
200
22087
330
27701
353
36385
365
41682
438
45789
426
52778
463
53374
517
51861
513
48067
507
54262
489
48848
433
48315
114
8062
152
14765
196
23409
301
24395
275
32720
397
38781
488
39351
469
45227
460
55280
505
55118
550
57241
529
57036
564
51494
575
54419
513
51043
97
10042
141
16153
226
24438
295
26748
300
29683
344
36253
452
48551
523
53900
567
54005
553
55985
550
57679
506
63571
585
53984
510
54198
513
53139
93
10382
138
15627
216
22098
249
28119
284
38739
451
41514
469
45891
445
50229
603
52205
684
64298
545
63713
526
66938
521
59466
626
55760
521
56359
94
10893
230
15033
196
21454
270
26885
295
33930
465
43228
468
46388
458
53768
619
58340
580
63061
643
65567
637
62166
552
62532
549
58774
549
58936
98
12032
154
16732
226
22620
316
34342
325
38707
390
41216
585
55121
505
53777
586
60181
634
71584
630
73262
603
66108
688
61879
581
62226
578
59859
