0.326
26.465
1.078
27.759
0.784
32.221
0.555
29.113
0.857
32.489
0.820
32.488
0.870
33.881
0.794
33.223
0.481
32.938
0.425
36.335
0.410
36.086
0.738
39.784
0.762
38.895
0.892
41.532
0.841
36.660
0.940
56.119
0.740
61.549
0.857
69.197
0.831
69.091
0.794
67.960
1.085
68.823
1.037
73.914
0.972
74.191
0.832
69.243
0.879
68.344
0.956
71.724
0.852
73.687
1.044
76.548
0.832
77.714
0.965
75.596
1.216
88.948
1.497
100.073
1.355
96.684
1.188
105.158
1.169
103.375
1.257
99.872
1.332
98.710
1.156
110.828
1.093
101.799
1.470
93.095
1.231
101.134
1.310
113.227
1.321
120.969
1.789
96.239
1.730
107.874
1.419
140.745
1.251
142.080
1.393
127.755
1.747
148.175
1.343
148.237
1.581
135.562
1.896
148.590
1.591
141.023
1.728
140.465
1.818
151.150
1.613
145.276
1.720
147.236
2.119
156.545
1.879
166.334
2.206
166.374
1.344
146.821
1.874
183.426
1.872
167.520
2.230
176.854
1.718
183.722
2.025
173.748
1.707
192.466
1.904
173.190
1.929
188.445
2.099
193.992
1.824
210.452
1.799
186.669
2.122
204.554
2.051
206.007
2.163
208.980
2.353
221.418
1.968
206.246
2.075
226.465
2.632
198.854
2.268
239.416
2.148
212.211
2.267
242.026
2.990
226.996
2.261
235.905
2.343
245.579
2.885
243.889
2.384
239.432
2.716
232.819
2.512
250.855
2.495
234.688
2.535
221.183
2.225
241.578
2.636
246.128
2.440
236.431
2.322
258.603
2.475
254.951
2.525
246.856
2.309
278.830
2.647
259.806
3.027
257.038
2.990
250.132
2.522
241.633
2.661
264.535
2.431
247.787
2.411
229.544
2.095
223.548
2.274
218.581
2.139
224.056
2.466
210.216
1.883
200.818
1.947
182.522
1.665
195.200
1.510
190.303
1.496
179.584
1.511
176.763
1.620
176.596
1.486
174.974
1.544
173.389
1.585
173.459
1.564
174.321
2.514
306.380
3.369
295.412
3.028
338.177
3.070
358.365
3.481
357.900
3.429
342.027
3.462
336.300
3.912
359.478
3.591
354.769
4.656
354.825
4.236
367.197
3.858
359.582
3.776
386.922
3.477
383.707
3.269
398.466
3.435
359.121
3.196
363.019
3.073
345.559
3.696
368.204
2.994
368.361
3.752
368.513
3.950
380.620
3.700
382.135
3.533
368.211
3.453
341.385
3.238
351.147
3.575
342.735
3.742
330.548
3.194
317.731
2.912
302.957
3.227
423.158
3.596
388.108
4.301
410.168
3.958
414.746
4.402
434.831
4.819
445.036
4.384
412.523
4.672
440.784
4.647
448.724
4.510
419.159
4.691
431.997
4.729
429.743
4.936
453.148
4.126
431.044
4.488
458.192
4.092
430.808
4.361
427.063
4.237
415.015
4.455
429.943
4.354
391.913
4.509
400.717
4.048
398.255
3.870
391.609
3.829
357.250
4.248
337.557
3.735
307.129
3.438
297.125
2.754
286.657
2.370
277.250
2.659
282.108
3.471
568.331
4.854
481.289
4.742
479.336
4.926
468.041
4.651
485.065
4.333
530.678
5.591
551.291
5.252
516.038
4.934
538.753
4.619
596.097
5.406
511.463
4.913
525.059
6.044
542.465
4.738
535.586
4.818
580.064
3.937
648.164
5.114
492.961
4.864
515.527
4.822
522.090
5.311
570.173
5.249
588.201
6.184
570.258
5.780
634.091
5.364
594.437
5.216
603.656
4.859
602.014
4.938
575.016
5.364
583.567
4.727
641.068
5.931
571.932
4.482
679.937
5.399
484.105
4.766
612.333
5.028
580.245
5.556
646.019
5.916
609.128
6.357
695.388
6.368
625.610
7.023
654.793
5.425
640.026
4.954
613.096
5.381
637.616
5.532
673.039
5.604
604.286
6.296
560.095
4.173
706.736
6.006
566.982
5.409
618.380
5.973
628.682
5.326
642.364
6.615
694.765
5.986
647.930
5.679
697.019
5.783
676.819
6.236
624.350
6.212
657.784
6.465
712.561
6.497
664.085
6.093
648.988
5.730
550.575
5.384
741.240
5.775
677.286
6.603
673.516
5.998
701.612
6.056
719.829
6.485
682.921
6.335
771.698
6.224
723.412
6.050
720.711
5.704
720.938
7.306
688.557
7.656
686.130
6.247
659.964
5.855
599.413
5.042
502.112
6.130
777.170
6.038
751.597
6.523
717.091
5.921
733.955
6.220
708.911
6.544
751.559
6.884
737.697
7.245
755.357
5.735
759.919
7.445
738.709
6.514
698.950
7.370
687.147
6.320
649.713
7.099
589.851
5.103
517.798
5.803
780.170
6.157
766.443
6.814
783.875
6.739
792.082
7.613
778.648
7.377
786.513
6.681
782.814
8.229
724.696
8.022
727.774
8.055
724.607
8.852
711.580
7.410
720.266
7.330
655.132
6.054
608.884
6.266
505.894
6.121
775.850
7.083
765.498
7.668
775.646
6.686
790.881
7.152
806.987
7.667
818.053
7.577
777.764
7.343
762.669
7.257
740.016
6.481
743.657
8.721
716.859
7.002
699.467
7.893
647.330
5.979
595.365
5.597
520.942
