0.454
18.494
0.409
20.383
0.299
19.953
0.278
21.309
0.304
23.239
0.670
26.979
0.302
30.376
0.392
32.084
0.418
32.899
0.410
32.804
0.384
30.989
0.370
30.529
0.359
28.320
0.387
27.226
0.325
26.980
0.515
51.320
0.619
54.892
0.608
57.555
0.700
62.087
0.661
56.425
0.609
55.128
0.575
55.555
0.614
60.382
0.751
62.925
0.731
61.050
0.740
56.274
0.629
53.797
0.561
65.233
0.693
65.461
0.709
60.551
0.876
82.230
1.019
76.412
0.759
86.207
0.951
96.904
0.860
84.977
0.964
78.088
0.813
86.448
0.982
108.938
1.079
86.233
1.401
70.813
0.736
88.665
0.930
102.825
1.030
87.858
0.893
83.632
0.986
84.851
1.173
119.985
1.297
118.955
1.024
98.471
1.081
134.339
1.277
115.528
1.168
106.046
1.220
128.890
1.313
123.998
1.107
108.458
1.169
142.711
1.206
111.660
1.381
116.434
1.125
131.946
1.230
122.912
1.243
106.944
1.457
166.546
1.321
167.278
1.555
123.845
1.143
172.003
1.541
145.005
1.470
146.387
1.486
162.474
1.437
133.414
1.359
177.002
1.584
140.605
1.534
177.280
1.621
155.512
1.380
169.571
1.671
157.571
1.401
160.715
1.636
187.593
1.695
169.728
1.666
189.763
1.881
152.372
1.601
208.967
2.007
164.478
1.689
219.978
1.544
180.808
1.811
206.445
1.645
200.061
1.691
191.164
1.711
183.577
1.678
196.241
1.539
195.784
1.755
188.744
1.682
182.962
1.653
222.161
1.958
206.741
1.944
205.000
1.853
203.411
1.880
211.468
1.864
222.199
1.934
227.321
1.851
222.052
1.855
206.780
1.668
223.462
1.922
204.004
1.866
233.305
1.811
230.791
1.848
190.379
1.778
204.130
1.727
193.535
1.767
179.364
1.676
184.179
1.631
171.892
1.567
177.895
1.562
177.295
1.575
176.517
1.631
175.657
1.549
174.466
1.562
172.873
1.591
171.667
1.649
171.439
1.690
171.433
1.730
171.696
2.396
313.911
2.626
241.591
2.708
266.712
2.375
287.195
2.430
330.551
2.544
305.315
2.748
291.672
2.822
300.974
2.472
330.597
2.451
333.701
2.292
339.824
2.686
323.457
2.535
331.717
2.658
324.240
2.567
354.941
2.238
308.672
2.235
317.481
2.354
335.298
2.667
334.634
2.508
341.654
2.754
329.442
2.689
332.671
2.588
350.013
2.421
338.114
2.453
309.122
2.542
322.219
2.808
295.303
2.450
305.674
2.334
268.482
2.251
265.216
2.702
350.904
2.715
374.198
3.035
367.314
2.790
392.436
2.981
417.774
2.873
413.636
3.045
389.010
2.898
403.251
3.085
409.981
3.103
399.168
3.224
404.810
3.232
408.087
2.997
415.989
3.046
417.101
3.313
345.343
2.799
351.514
3.022
412.423
3.100
376.690
3.123
380.441
3.200
386.673
2.958
371.494
2.798
356.570
2.873
339.192
2.892
319.808
2.745
314.118
2.585
284.789
2.500
276.130
2.477
274.617
2.452
271.438
2.487
272.400
2.624
371.204
2.916
422.179
3.306
515.077
3.771
449.256
3.391
477.399
3.379
512.380
3.537
532.763
3.502
507.130
3.581
538.168
3.503
547.554
3.374
505.039
3.790
498.602
3.438
516.649
3.579
559.686
3.742
551.626
2.847
483.621
3.956
536.932
4.095
492.094
3.852
564.771
3.964
548.719
3.953
499.233
3.978
561.410
3.842
622.389
3.824
606.451
3.790
549.781
3.499
581.306
3.982
556.139
3.784
605.423
3.529
579.979
3.685
573.473
3.122
555.280
4.329
507.089
4.351
517.744
4.075
618.139
4.410
554.446
4.093
663.672
4.063
650.798
4.098
627.363
3.814
649.113
4.149
612.111
4.029
628.566
4.178
648.245
3.989
667.858
3.977
586.173
3.689
541.163
3.334
662.182
4.542
575.202
3.866
605.738
4.501
626.365
4.300
652.510
4.262
672.137
4.343
669.284
3.929
678.293
3.576
661.909
4.251
609.930
3.905
696.964
3.954
672.639
4.140
635.317
4.036
597.031
4.024
509.867
3.836
696.955
4.718
661.697
4.595
669.495
4.267
735.492
4.462
685.101
4.699
704.727
4.047
728.876
4.612
700.488
4.155
685.993
4.198
705.683
4.385
679.739
4.471
667.698
4.012
617.028
4.333
554.546
4.024
464.072
6.886
747.130
4.492
735.607
4.923
709.079
4.782
709.842
5.138
720.538
4.709
749.904
4.684
735.808
4.310
736.493
4.243
750.221
4.595
702.389
4.642
662.334
4.188
660.432
4.519
618.154
4.106
538.414
3.828
478.188
7.027
758.954
4.758
745.185
5.029
761.156
4.661
751.426
5.032
747.457
4.879
712.921
5.039
690.630
5.181
744.796
5.055
722.457
4.707
712.130
4.847
698.051
4.856
677.447
4.555
630.555
4.373
532.801
4.119
474.641
6.838
759.380
5.045
777.932
5.014
757.047
4.931
761.063
5.737
799.749
5.475
809.841
5.211
785.615
4.817
752.686
4.755
750.070
4.971
759.091
4.873
713.140
4.713
702.514
4.732
621.679
4.478
519.304
4.107
495.349
