43
3766
35
3315
27
3475
28
3491
28
3638
41
3649
42
4441
44
5808
37
5206
44
5246
45
5424
44
4934
45
4968
45
4480
40
3720
67
6777
57
6986
57
8041
94
8982
75
8066
61
7886
76
7927
95
9521
62
8647
94
8258
94
8990
90
8543
81
8448
90
8522
75
8222
137
12177
137
11622
95
11731
96
16399
144
15597
137
13619
90
13896
114
12501
112
12938
89
13785
142
12758
130
13069
140
14726
141
14501
103
12369
183
15343
165
19251
190
15756
146
16818
145
18690
198
18630
124
17767
127
18874
155
17682
139
20310
199
18259
145
19360
181
17566
123
20859
195
15574
