209
17796
235
27993
240
25379
211
18954
154
22289
161
19718
195
23222
246
23569
238
23094
168
21852
155
20017
187
29428
241
20228
220
21458
180
22745
182
24519
261
28415
256
27052
223
30817
187
25224
203
32661
210
25659
222
27220
272
30187
230
29163
187
29171
235
25737
260
28179
193
26118
295
27114
201
34119
323
31829
242
32430
248
30863
259
31058
323
31599
295
31335
246
34302
218
30565
326
29072
337
34947
260
32043
330
30428
302
36745
234
29745
354
31254
269
30774
332
30876
256
30842
252
32755
255
32248
251
32482
257
32608
297
32344
252
32267
244
31272
244
30539
274
30052
274
29959
234
30223
