33
2978
38
5810
75
6487
87
7352
84
8982
101
10018
136
13625
137
14691
139
15991
187
17541
146
16478
156
18613
190
17995
173
16857
159
16532
29
3754
46
5809
82
6731
77
8326
112
10873
118
12772
148
18097
145
17192
200
20483
195
19798
183
22371
193
21389
220
19543
186
24839
232
20555
41
4297
79
5731
72
8042
90
9880
120
14179
157
14445
164
17508
197
18213
182
24850
254
24964
244
21603
201
26260
247
22299
237
21780
204
24181
42
4563
70
6693
96
8566
107
10791
125
13081
150
15436
165
17688
189
20190
235
22504
229
24083
222
23865
223
22908
216
23150
262
22717
215
22717
