8
482
7
766
10
1130
12
1347
15
1732
22
2018
20
2948
34
3628
38
4009
41
4427
41
4401
41
4420
41
4425
41
4207
40
4193
14
1479
23
1762
20
2412
25
3058
31
4086
39
5549
60
6049
50
7274
80
7994
83
8419
81
8254
57
6344
57
6884
71
9023
82
8612
22
2363
36
3184
46
4577
60
5574
68
6143
64
6956
74
9359
102
10958
113
11687
124
13935
134
12866
110
11597
103
12195
125
12890
126
13362
29
2787
44
4109
52
4504
51
7568
62
8252
102
8561
117
11462
121
10844
125
13446
154
15156
118
13734
138
16941
153
13874
137
13348
115
15338
34
2413
53
5761
75
7773
95
9072
91
9294
113
13565
151
15594
170
16039
195
19516
209
22157
191
21840
208
18182
176
21653
166
21636
208
21970
46
3373
45
6686
90
9222
122
9689
101
13445
153
13388
135
17598
171
15133
164
21612
208
22540
243
20132
183
23219
240
21312
196
22069
218
18759
39
5045
85
5564
74
9634
96
9654
109
12658
159
15061
159
16568
185
20085
183
20316
211
22649
224
25728
217
23584
216
23371
219
22785
213
22931
38
4326
61
6139
82
9261
106
10891
125
13091
146
15430
166
17629
187
19994
208
22358
230
23037
212
22722
216
22974
211
22843
222
22687
212
22670
58
6563
101
9972
134
10691
140
17572
201
18685
189
25018
272
26693
289
32416
338
35970
322
38736
309
37313
299
36272
337
30279
274
31098
306
30391
48
6689
94
8677
105
10745
129
14069
191
21679
245
21765
246
25087
257
28828
299
31639
324
35905
354
34002
296
32297
331
32000
302
32253
302
30917
66
8029
124
10872
132
16215
205
19671
217
25344
315
25010
288
34218
371
34500
385
42968
419
45184
439
44053
386
44577
454
44681
357
40319
432
36260
76
5908
102
9284
132
13856
162
20690
209
22255
241
28265
257
29233
299
31494
361
35056
389
38659
365
39060
399
37114
347
37046
347
36963
348
36235
70
9596
147
11431
160
19387
245
25304
289
28874
347
35187
392
35934
433
45289
461
44428
510
52693
469
42433
410
47562
485
47836
403
44064
447
45378
69
10354
156
12914
202
20808
259
25187
301
28144
325
38349
406
44086
467
48238
540
45112
585
52242
493
46488
456
56342
437
45119
423
44997
409
50433
77
10463
155
16922
220
19245
209
28685
337
34673
392
34930
416
46198
437
48556
405
49442
593
53732
485
58538
591
51003
465
51692
496
48588
517
50201
77
10494
161
18447
238
24156
301
29303
340
37379
440
42669
487
48947
524
52914
439
53738
564
54499
512
58695
518
53929
526
54432
479
53898
510
52390
86
11869
176
18467
230
26708
348
29345
354
36064
369
44123
396
46295
445
51793
499
54492
604
64223
702
54705
538
58801
508
56524
524
55832
531
54516
111
11972
169
19600
246
28031
339
34493
404
38988
474
47906
495
52565
455
55189
654
63202
647
65372
558
63740
531
60517
523
58360
537
58339
554
55369
100
13215
205
21164
269
28412
310
36786
463
43258
510
45731
498
50326
551
57688
678
62138
617
64852
618
61290
632
63170
562
61743
551
58786
550
58446
96
11279
189
20041
218
29190
360
38888
364
42085
364
45416
446
48874
473
58556
531
62672
577
68488
598
70803
718
64368
597
64841
579
61777
577
61459
