8
479
7
765
10
1055
12
1367
15
1634
24
1992
21
2338
23
2790
28
4036
42
4302
41
4068
32
4145
38
4332
40
3792
41
3280
13
972
15
1561
20
2370
25
2714
34
3612
39
3880
41
4857
48
5699
57
7269
68
8322
83
7297
60
6311
59
7755
70
6176
57
7380
14
1687
25
2659
42
3239
46
6002
67
6569
79
6461
62
6950
80
9297
86
8450
90
9899
92
10400
96
11526
123
12468
125
11000
96
9653
22
2138
34
3503
41
4740
67
5880
62
8077
86
7740
85
11002
113
11616
128
12651
127
13474
141
16944
126
12403
115
16539
155
12448
128
14004
35
2912
38
5507
74
6062
65
7307
77
8228
105
12656
133
13316
158
13042
130
16364
150
16315
185
19725
182
16727
152
17246
201
16140
170
19968
38
3741
51
5199
71
7977
101
8932
111
11845
111
14257
130
14585
150
17123
182
18412
205
19425
184
22781
233
19642
172
20558
172
24122
268
18801
50
4380
58
6943
108
7618
90
12037
168
12005
136
17530
185
15522
202
20351
210
23509
252
21891
212
22839
212
24849
221
22943
202
24506
234
23233
47
4086
78
6230
83
8861
105
10952
125
13082
145
15469
167
17697
187
20036
210
22380
230
24731
230
22814
217
22768
211
22711
262
22696
262
22857
62
6598
101
7034
92
11065
116
16445
202
17072
167
19865
209
22534
223
26558
250
29068
358
31557
280
31629
308
32990
347
31803
301
32270
309
35949
64
5590
102
10678
149
11149
141
13562
170
17405
200
22343
237
27082
245
30779
276
32057
289
33124
346
33820
352
34753
326
33640
324
33582
336
35144
65
7695
126
8490
125
15390
201
17676
209
19777
202
24107
242
27394
268
31656
327
35356
344
37749
332
38878
364
42711
329
36807
338
41190
414
44693
61
6903
114
9819
136
14231
175
18039
221
20216
254
24644
288
29988
313
33472
383
37975
374
39220
394
37498
353
37731
346
36965
348
37022
348
36383
68
9251
146
11064
154
16569
181
24644
278
24209
248
28269
297
35082
429
36694
419
43092
514
42515
413
50424
446
44113
430
46144
468
47043
430
42060
88
6846
132
13774
202
17982
211
20360
232
30145
326
28674
339
35374
351
42280
374
47801
551
51827
560
45621
477
50186
507
45763
431
46179
504
46754
83
7872
122
15083
198
18145
194
23675
270
27837
315
36504
381
39027
444
42437
446
51882
450
51920
512
49311
480
53508
506
47548
434
49245
557
49005
77
8569
138
14647
186
24378
303
24125
292
29795
371
34881
463
43756
398
49459
469
55897
557
58669
596
58750
548
54074
539
54396
497
53331
499
50439
81
9301
176
15403
196
22704
219
30383
297
30186
326
36987
414
49890
495
50876
462
55443
550
62040
593
59731
528
56256
561
56596
524
57264
491
52694
94
10840
161
16295
259
22128
274
27687
371
34398
347
38008
434
45789
519
57727
628
60711
736
63637
543
61400
535
57520
538
58428
551
55794
524
55677
92
11078
188
16637
232
21443
257
29732
368
36006
347
42623
572
46783
615
53514
519
56245
591
63084
628
63095
640
64144
625
63500
549
58779
548
58603
95
10347
152
16545
273
25143
320
30617
316
36549
419
50510
504
48791
471
56042
592
60735
653
68097
607
66766
707
66335
589
61791
581
61991
579
61527
