8
480
7
767
10
1057
12
1340
15
1955
20
1925
28
2823
32
3501
35
3945
42
4362
41
4408
41
4478
38
3654
30
3649
32
3207
14
992
15
1692
20
2617
37
3018
31
3275
42
4131
59
5418
48
5377
55
6585
66
8291
84
7564
78
6608
57
6732
60
6233
58
7401
14
1790
34
2846
45
3821
40
4725
46
5776
58
6966
69
7988
75
7571
79
8989
98
11376
112
9771
90
12176
100
10521
86
11721
99
10527
29
1962
44
3365
46
4963
51
7159
62
6975
79
9138
120
9682
104
10427
125
14990
168
13068
120
12780
115
17032
164
13824
131
15866
154
14882
33
2422
38
5790
74
7317
89
6739
100
9575
96
9835
112
12773
160
15083
141
14893
166
17421
149
18510
196
17211
143
19209
171
16203
169
18824
39
3140
52
4863
69
7921
98
9079
95
10735
125
12300
130
15738
159
15554
187
22284
234
19376
185
24036
235
21361
230
19062
198
24081
252
20214
34
3625
53
5785
82
7814
120
11683
152
11666
141
16090
162
17067
175
18202
212
25392
286
22715
232
21825
217
23942
207
22602
201
24811
258
24163
38
4157
61
6642
97
9662
106
10835
125
13151
146
15424
167
17730
189
20023
210
22428
229
24447
222
23834
223
23112
212
22777
216
22719
211
22713
56
6470
78
7733
109
11050
126
15705
174
15853
198
20724
192
23264
298
24493
289
33672
333
32113
331
33605
325
28586
270
28975
275
33392
284
32423
73
6089
83
9170
125
13666
172
15361
185
18246
216
20809
220
28237
268
27330
335
29046
333
32402
315
34932
316
35059
302
34558
301
35646
288
33932
74
8122
86
8489
142
15136
168
16085
171
22321
216
22721
230
33160
260
33565
305
37952
334
35688
352
35076
352
36798
425
36556
342
37932
356
37825
69
5869
93
10257
123
16836
225
18714
190
20486
262
26053
311
30318
315
35283
347
39057
370
40373
358
37129
348
36928
346
36962
350
36901
345
35846
74
9724
145
10745
133
14245
168
20291
263
25860
256
29315
315
33639
311
36832
460
41606
521
48970
512
48084
484
49729
453
47984
426
41041
389
43761
82
8261
121
12307
164
16981
201
22695
228
30418
338
32816
327
36417
373
37032
398
50376
584
50681
451
47157
506
56354
550
44867
500
49332
562
45033
75
7453
115
15041
159
19313
253
20802
240
27540
374
32355
375
35869
418
50218
494
50256
481
51909
432
52687
623
54052
464
53768
496
51365
474
50220
76
9540
136
15182
187
20119
226
26083
261
32027
310
38619
372
36984
393
51787
430
52988
577
53234
461
62701
538
56738
575
54468
473
53057
507
51723
102
9020
185
14114
186
21777
235
27449
311
33155
325
39872
415
49744
563
52857
570
50322
541
65319
519
64781
543
58655
540
59148
561
55433
520
52587
92
11144
154
15029
206
23633
232
32767
332
37220
460
46098
487
53664
547
56580
547
64427
521
67315
621
60555
567
58831
543
59151
521
55771
522
55547
101
11134
146
16261
276
23638
315
29396
400
32725
411
45382
442
54456
482
59327
541
67869
666
71445
595
62728
549
60057
636
61539
549
58584
550
58816
107
11025
152
17194
233
23641
318
31768
371
40046
479
49278
598
55208
524
61030
679
64803
712
65579
635
65903
666
68700
662
61975
581
61569
579
61649
