7
482
7
776
10
1071
12
1337
15
1631
18
2202
20
3109
33
3560
37
3842
41
4362
42
3982
28
3997
33
4319
45
3236
28
3078
9
969
15
1547
20
2303
37
3303
43
3394
36
4226
49
4515
53
5183
64
7703
61
7890
83
7357
66
6507
71
7126
57
6356
57
6270
14
1508
22
2568
30
3315
45
4440
56
5997
79
6987
71
7408
70
8658
80
8375
105
10145
106
10582
125
10505
86
10362
96
9861
86
10730
31
2398
35
3495
55
5759
54
5540
76
8438
105
8636
83
11221
117
10961
105
13099
115
12877
132
14901
158
13732
119
14597
123
16106
176
12723
35
2539
38
5652
56
6112
64
6993
77
8927
91
9815
109
14023
143
12944
146
14294
155
18320
168
19465
178
17015
169
17049
164
16703
143
16493
37
4111
55
4992
62
7182
91
8985
93
10334
116
14400
148
15933
185
18718
232
17870
186
24317
211
21593
183
24048
232
20113
231
20420
206
23208
40
3961
58
5626
92
9228
132
10729
124
15416
153
13777
154
19137
169
18127
188
21680
202
27587
291
23011
202
26670
217
21582
209
24093
216
26509
58
4290
66
7333
90
8741
104
11830
128
13317
145
15445
167
17699
188
20047
208
22352
230
24690
230
23911
222
23092
212
22799
215
22727
212
22698
65
6580
99
7093
94
10404
143
14549
183
15438
176
21056
258
23026
213
27047
277
27635
261
36949
334
28949
298
32768
356
35175
357
33029
286
32192
49
4836
76
8749
110
12331
129
15270
174
17872
193
25013
242
22248
260
25787
281
30477
337
34082
307
32055
322
33482
289
32684
312
32219
294
32489
67
7623
124
8875
114
15623
214
16088
219
22777
253
23777
250
30061
302
28283
309
36744
433
41208
405
43888
420
43772
389
44116
332
39217
321
37182
61
7863
108
10732
162
14215
195
17665
215
25785
274
24414
257
28377
300
31125
317
35655
345
38333
370
37838
381
37072
346
37166
348
37113
346
37126
67
8930
143
10864
146
17110
191
20613
269
22717
324
25425
282
33019
333
40397
446
44126
485
51746
409
47986
442
48656
490
47999
410
40776
389
41052
67
9895
143
11529
143
18275
181
23546
222
26492
282
30278
424
36511
401
42817
389
44937
544
50295
430
47208
438
45525
496
55958
537
51977
468
46212
72
7432
115
16364
210
17806
212
21613
260
28595
311
34028
329
39561
416
48292
456
52158
566
50104
516
57912
618
50830
453
54540
480
49060
450
54342
88
8074
131
16545
216
21742
231
24657
299
26556
290
30969
396
45583
458
51861
562
55888
589
54096
474
63337
532
55790
599
53108
573
54524
582
51972
81
8846
134
16186
180
22421
268
28137
306
35831
310
35306
371
47984
533
49981
621
51934
570
66095
628
65153
582
60092
578
53519
542
56301
541
52736
86
11304
196
16266
265
20248
321
30271
290
32926
364
42928
523
50595
639
54834
510
54382
563
64010
551
67250
532
62917
572
59131
593
56507
522
55540
92
12345
206
16099
193
22334
273
28512
350
32217
444
39823
411
51855
448
53175
593
65845
730
72748
679
66573
598
66086
564
62379
618
58701
549
58447
104
12313
164
17211
240
23680
292
30355
350
40133
419
49243
459
52794
514
59551
647
68533
595
70823
704
68452
642
67295
623
61732
581
61818
577
59842
