7
499
7
787
10
1054
12
1374
15
1632
18
2059
20
2724
33
3733
37
4074
41
4202
41
4028
41
4309
41
4085
33
3825
33
3093
9
1029
18
1623
20
2348
27
3044
31
3833
38
4189
43
4943
61
6387
80
6585
68
7502
67
7879
75
6861
57
6547
57
7271
84
6195
14
1744
22
2713
32
3409
49
5589
67
5386
76
5921
70
6621
70
9078
96
9562
93
9252
86
11214
87
10743
107
11263
108
9498
99
12352
19
1987
30
3129
56
4457
51
7641
75
7484
83
9457
115
9349
93
11021
120
13203
147
14237
122
14822
118
13618
130
14381
167
13055
114
14746
35
2679
51
5172
75
6687
74
7092
89
9629
96
10318
121
14527
152
14988
187
15144
155
16054
157
17584
165
20868
204
16855
143
17856
159
15461
37
3792
45
4928
71
7866
95
9056
126
13928
131
11692
124
15342
142
17594
182
18680
174
23329
240
23327
186
19123
196
21629
189
20371
187
21652
45
3899
76
6967
91
8455
91
9787
108
12490
137
16156
180
15976
165
22221
236
21242
217
27089
227
24509
209
21776
202
22646
215
24460
223
23616
38
5188
87
6987
95
9298
112
11786
125
13216
145
15528
170
17701
187
20055
209
22323
229
24649
230
24649
231
24103
223
22816
215
22708
211
22721
64
6716
102
7281
92
10003
151
14613
185
15841
186
19351
191
20541
242
23694
238
29563
263
31060
288
37536
373
32609
357
30786
286
31570
321
33512
68
6104
108
7951
104
11589
129
15573
192
20876
231
20872
225
22875
273
27795
287
33521
331
35858
386
38637
370
34383
319
33362
294
33189
312
32581
67
7861
124
9565
124
15357
165
17163
209
24191
245
22914
240
27720
274
30734
288
35005
418
38310
331
40916
372
38523
447
36728
368
38206
337
42473
64
6102
116
10460
128
14118
191
18492
266
22156
257
27546
372
29635
316
33546
354
36232
356
38799
348
37195
347
37422
347
37084
345
36952
345
36050
71
9359
146
11122
148
17589
201
19781
250
24286
321
28350
311
30331
329
37578
388
42436
471
47388
437
42806
386
46605
482
49872
449
44392
448
43244
69
8270
115
13505
207
15447
181
20532
242
31214
323
28417
340
36358
376
41109
429
45316
498
47850
452
50790
452
48577
413
46483
424
47387
432
52781
71
7308
114
13699
160
17382
205
23464
296
27810
367
38965
456
39085
411
41808
398
44553
455
50857
553
53757
448
50022
554
52573
524
50432
524
53169
88
8894
156
15601
212
22352
287
23268
287
30056
379
37665
390
42023
399
46389
481
49579
511
59560
530
55841
505
52369
485
60160
485
52726
495
52847
88
9079
138
14665
176
23647
258
31138
308
39221
481
37459
439
42695
489
45986
525
53977
493
55051
525
61043
551
61234
560
55726
498
54788
492
52629
105
10287
143
16539
216
21398
249
31000
337
34269
412
41669
395
43787
451
51614
512
57464
636
59098
584
62619
546
59520
570
59194
558
55736
522
55572
90
9946
159
16609
222
22520
261
28839
309
34472
350
39275
432
44984
503
56462
666
54776
548
66938
570
68909
617
66133
548
60332
551
58524
553
58511
107
11291
156
17762
228
22275
321
29928
360
35921
439
46058
468
49274
509
54113
702
66520
651
66593
640
69245
670
66657
627
62218
577
61894
629
61545
