7
481
8
771
10
1058
12
1355
22
1619
17
1926
20
2859
33
3621
37
4055
41
4260
41
4392
41
4301
41
4229
41
4114
33
3078
9
966
15
1678
23
2586
28
3074
31
3266
44
4010
41
4538
47
5510
70
7642
85
8141
72
8392
84
6511
63
6716
60
7146
63
7187
14
1483
22
2473
36
4204
56
4584
50
6457
79
6105
62
7703
73
8353
78
9556
106
9498
86
10355
97
12364
109
10452
86
10452
119
9604
19
2184
30
3402
41
5816
71
6947
62
6890
89
10163
93
10441
105
12585
123
15069
166
15322
135
14720
127
12568
132
13781
120
14289
157
13835
35
2429
51
5527
75
7263
96
6808
77
8322
94
10211
116
15436
152
13207
138
15484
146
17126
160
17103
157
17026
165
17683
175
17295
178
16994
34
3605
60
5346
77
6978
88
10913
122
12333
109
15365
164
16016
167
19813
212
19259
181
19868
197
24010
187
20719
183
20384
182
18821
201
21673
35
3392
53
6554
72
7723
93
10021
123
12788
130
15516
161
16407
190
22016
215
21581
203
22694
225
26155
252
23558
209
24514
215
23371
211
23265
38
4201
70
6168
92
9262
125
10828
127
13128
146
15383
166
17740
188
20074
208
22425
230
24649
231
22817
216
22817
212
22815
211
22824
262
22764
61
6342
103
6945
92
10451
134
16180
183
17660
196
21129
193
20282
215
26996
278
31130
292
29006
288
35581
321
35970
373
34315
373
34294
274
28958
54
6344
79
8002
104
11056
144
15903
199
18846
219
20122
254
26663
252
26606
288
29591
330
31898
352
33168
337
34034
308
36404
342
35856
335
33711
74
7396
108
8690
112
12783
157
16072
197
21954
281
23938
265
27557
292
32200
316
37522
439
43853
440
44023
362
36847
329
37865
381
37129
330
38223
62
7038
106
10969
156
15592
210
17151
202
22614
253
24209
251
28879
314
33491
319
39993
384
42440
356
37669
350
37038
360
37124
349
37027
347
36955
72
8814
126
10618
148
15348
218
22315
252
23309
241
27315
273
36034
352
39894
431
40644
467
43981
429
49480
440
43384
400
46782
376
43999
519
45339
68
8039
122
14406
212
16971
216
23800
302
25183
268
29676
334
40448
380
40607
490
48241
478
45729
480
48930
435
49120
425
45900
422
49605
435
46164
76
7478
114
16448
210
18342
205
22800
255
31369
312
36747
432
39903
487
40136
393
46416
495
48677
453
54508
501
50452
461
52712
451
49968
482
52134
97
8576
143
16563
244
20627
266
25795
302
28070
357
36060
334
38071
467
44820
456
54003
577
53422
493
53692
465
57010
486
53109
522
55727
471
53509
88
9858
169
14124
198
22602
254
29516
309
34911
400
37357
443
39782
497
46666
514
52169
551
58682
530
54146
497
57355
581
57223
601
57910
548
52911
86
10118
149
16602
258
20788
244
27520
322
38141
403
38597
407
41310
466
49294
530
58255
604
60693
677
66394
528
60031
534
59324
606
55736
522
55587
91
10642
144
17458
232
23048
261
29957
325
41795
407
40934
404
45237
517
53812
602
59417
625
62684
550
63723
674
64953
560
61614
548
58987
548
58539
114
11124
199
18053
208
25532
282
29293
369
34382
405
40380
455
47995
503
55192
598
64015
588
67583
673
66893
681
69019
684
62441
581
62073
578
61813
