7
483
7
772
10
1063
12
1339
18
1640
22
1926
26
2953
23
3750
38
3786
41
4210
41
4360
41
4208
42
4239
41
3216
28
3185
9
1042
15
1562
20
2402
38
3278
31
3271
36
4350
48
4882
46
6939
73
7721
81
7332
60
7047
73
6453
76
6373
61
7599
63
6820
14
1481
22
2656
42
3544
49
4945
66
5937
74
5853
64
6801
70
8871
93
10019
87
9843
86
10347
106
12581
123
9664
102
12487
123
9376
19
2674
39
3254
53
4678
68
6101
81
8632
105
8366
95
9308
113
12593
136
11764
128
14245
135
14273
148
13543
135
13121
123
15209
124
12769
34
2525
41
5500
75
6581
88
7087
77
9293
93
12686
137
12812
122
13467
152
17371
156
15938
165
19380
155
16449
143
15462
172
17547
168
17072
29
3407
46
6536
74
7372
77
8914
105
13311
145
12634
150
15055
159
16071
157
22114
228
20063
178
21563
230
20799
213
20050
188
22696
201
21457
46
3772
53
6387
77
7886
90
11231
119
12027
127
13871
146
16928
184
18682
182
23715
225
22818
244
23576
202
25101
223
23170
255
22355
224
25881
38
4016
66
6471
94
9176
131
10843
124
13146
145
15438
166
17914
189
20199
209
22318
230
24683
229
24443
223
22826
215
22736
215
22713
215
22809
66
6875
101
7858
94
9825
117
14361
192
18311
198
21517
257
20694
211
25749
264
33050
370
29003
275
36348
384
29672
267
29752
317
30564
291
30191
49
6016
85
9089
135
12267
135
15221
169
17229
187
19985
213
25940
278
31648
372
36881
385
36454
390
34730
374
31385
291
31847
310
31729
298
32533
79
7983
124
8599
114
13734
216
15848
174
19212
209
21635
259
26271
349
36835
393
33625
325
38380
355
37634
364
35620
342
38321
449
39549
392
37298
57
6087
100
9916
140
13912
185
17021
187
20475
223
26507
291
29263
319
34832
356
39486
348
38251
356
37261
345
37068
397
37048
347
36899
347
36960
68
9480
145
10496
145
16191
193
18306
220
24903
308
30630
371
35169
309
41655
417
42875
425
43426
393
50368
492
42970
449
44713
460
41494
398
46703
67
7652
125
15668
175
16255
180
19238
228
26836
349
31603
313
35301
383
43219
507
42012
458
51156
428
47413
503
44971
439
52530
492
45245
447
51965
71
7618
115
14826
190
16996
218
25735
252
32500
290
37491
451
34398
393
44274
484
49355
539
51283
467
55256
556
49722
478
54927
516
48952
473
52193
77
7741
123
13175
164
24217
284
25793
342
27591
299
34127
403
38738
409
48614
488
52296
514
58144
464
59887
527
56878
526
50903
505
56459
462
52261
81
9160
165
14295
195
23048
253
28505
280
31176
362
40412
493
43751
456
46813
522
52261
585
61108
547
63897
523
62900
557
55833
550
54385
491
53060
86
10119
156
17482
205
22272
333
31237
315
35964
400
43391
436
49411
529
52853
531
53511
615
62416
520
64427
659
61672
564
60542
537
55862
522
55463
91
10937
180
17412
207
26361
249
31559
361
34171
347
41068
400
45668
464
49480
584
62428
652
71482
608
67764
591
67609
570
60539
552
58495
550
58456
113
10940
170
17363
217
27960
304
31014
315
37276
470
44274
500
52251
486
57526
719
61552
777
70823
643
67140
743
67521
647
62033
578
61649
577
60580
