8
481
7
873
10
1107
12
1347
15
1631
18
2016
27
2610
24
3233
38
4318
42
4155
29
4461
44
4178
41
4414
42
3676
42
3475
9
972
17
1652
29
2183
25
3115
40
3551
40
4553
44
4757
53
5826
55
6825
82
8420
81
7656
82
6953
63
6187
75
6147
57
6660
14
1865
22
2519
30
3299
45
4110
61
5772
54
6809
64
7777
82
9897
103
9188
96
10331
108
10226
119
11518
103
11009
110
10545
104
10300
24
2191
44
3390
49
4688
57
5638
74
8093
103
9018
102
11033
120
11353
121
13717
138
13205
145
15766
124
12772
117
16819
123
15184
159
15303
34
2455
40
5309
76
7551
83
6779
91
9674
111
10749
106
12246
124
15398
142
14983
146
19179
163
16131
155
19136
177
16323
186
19201
166
16729
29
3603
60
5807
70
8333
93
8614
97
11068
153
13294
141
15580
188
15662
193
18300
183
20042
191
23572
270
18558
184
19852
188
20272
174
20258
34
3465
64
6591
76
7654
91
10524
122
12918
154
14562
146
17206
198
17863
209
25023
277
24326
217
24585
202
26121
225
23791
213
23306
207
23361
38
3872
60
7226
85
9430
106
11276
128
14712
159
15359
167
17728
188
20431
210
22397
230
24679
231
24571
230
23913
222
23840
222
22737
261
22717
57
6714
102
8010
104
10356
129
15946
203
15047
176
19744
214
22549
243
24642
264
28613
346
30255
277
33765
321
33505
303
31571
259
28759
281
30610
59
5934
85
8176
125
12063
155
15037
156
18468
226
24945
302
23447
281
27166
291
29563
389
33295
315
33104
309
35579
330
34902
352
33595
311
34454
68
7946
105
9270
127
13104
191
15081
171
21250
265
27227
288
29226
287
32004
321
36118
399
38640
324
35052
391
40675
431
37350
380
41651
358
35813
65
6497
91
12691
171
13635
154
19219
237
19771
237
25945
259
29252
291
34605
359
37051
443
38360
373
37518
347
37017
348
37127
381
35766
335
35755
65
9406
149
11607
133
14959
172
22029
261
22135
265
25606
309
35752
354
37212
349
44949
421
46218
459
42106
429
47346
472
43802
447
42719
451
43274
67
8754
155
12172
152
15604
219
22390
265
26958
318
29889
386
37935
446
41861
415
46417
495
46845
485
51511
493
44483
471
50510
571
48523
409
47314
83
7997
130
14811
183
17018
242
21704
253
29332
277
32663
313
45551
511
44432
421
45303
506
53740
452
51193
571
51478
450
54278
448
49401
446
50098
79
8544
134
13599
196
21387
239
23172
270
30294
375
35709
338
43991
468
43770
448
48853
481
61240
589
56394
679
50518
540
52890
485
50620
473
53434
94
9223
164
13608
184
19620
241
27877
340
30626
321
37826
427
45808
427
46733
514
56223
584
63433
622
60323
574
57464
557
57021
588
57231
492
52489
102
9789
157
15148
194
21468
273
28066
312
36701
454
47657
416
44384
481
53487
555
62263
655
65517
592
60805
548
60231
617
59101
521
55653
523
55488
90
10202
171
18352
252
23900
316
26517
319
38667
439
46178
546
44543
526
54739
605
59223
766
65072
654
63256
662
65474
645
63121
561
58811
551
58458
107
10586
153
17482
229
23746
258
29452
346
37559
390
46100
485
48261
480
51972
531
64790
617
69182
655
66275
644
66101
583
62080
579
61629
577
61514
