8
480
7
766
12
1057
12
1349
15
1671
18
1929
20
2302
29
3481
38
4047
42
4178
40
4041
41
4486
42
4311
41
3683
40
3109
9
1026
15
1540
20
2248
26
2945
31
3499
36
4295
47
4745
46
6001
53
7570
88
7073
72
7982
67
7027
76
6741
57
6742
66
6735
14
2009
25
2811
37
4598
56
4753
48
6667
85
6974
66
6655
85
9416
101
9612
99
10164
86
10925
87
10803
95
9991
90
12102
86
10837
19
2012
30
3745
47
4407
71
6162
75
9326
105
7990
96
9291
104
13496
114
11600
116
16619
178
14140
130
12347
124
16377
169
14807
122
13367
34
2537
41
5447
75
6079
72
6853
77
9417
111
10599
108
15252
168
14369
138
14833
143
17845
166
19596
167
18280
192
16837
179
18927
147
17294
28
3945
70
6125
88
6568
77
9741
124
10373
109
15960
145
13523
153
16031
169
18123
209
20216
186
25106
232
19652
184
20338
206
20284
200
19470
47
3383
64
6164
84
8146
90
10708
109
13295
138
14716
162
17119
182
19910
211
22576
239
23113
232
27421
313
23918
212
22747
202
25261
221
23502
41
4176
61
6180
99
10358
115
10971
135
14590
156
15488
168
17686
187
20049
208
22440
232
24563
230
24675
230
23910
222
22823
216
22770
215
22733
63
6663
102
7053
109
10333
130
15392
156
15471
165
21714
221
25010
235
25343
235
28067
306
32431
277
30208
279
28901
302
28372
320
31121
284
30634
48
5289
84
8235
128
11887
170
14093
168
19929
207
22235
255
22847
277
28845
287
30182
382
36659
300
35981
313
35632
330
37921
322
35132
304
34075
66
7917
122
8677
112
13305
192
16848
204
22452
210
25190
284
27485
278
31556
339
33400
371
34589
317
35707
328
35224
409
38512
360
36791
357
38220
75
7215
118
10665
138
14840
174
18703
238
22009
242
29542
291
30662
395
34068
372
35728
353
38163
382
40710
407
37275
347
37073
345
36997
344
36985
71
9691
146
11634
134
15547
168
22200
219
24279
259
32820
294
32855
345
34232
351
37835
422
50439
571
44086
406
49942
400
43092
417
45179
445
45053
71
6949
106
14518
219
16621
180
25530
289
24872
263
30952
354
31430
346
45837
442
44077
504
53322
469
47450
466
48224
464
47207
469
51613
492
46474
92
7341
114
14623
218
20362
215
22615
264
28401
282
35794
355
45400
481
42602
394
51430
634
52382
583
52300
562
50210
441
54733
436
46984
492
52534
95
8610
134
13303
176
22324
294
25108
270
30650
333
41975
449
47374
481
44522
438
51516
476
55578
558
54351
539
51726
472
53715
587
51255
496
56130
84
8815
164
14275
195
24546
266
26811
299
29928
309
41052
407
50569
506
44127
514
52229
491
57864
536
57280
599
57822
629
54720
555
59635
493
52475
86
9483
162
15097
203
20858
279
30258
349
37737
476
47406
503
43876
497
48201
519
56526
564
61477
573
62712
628
59710
566
64241
686
55827
519
55593
99
10925
148
16975
230
22097
299
27218
305
35486
466
36601
493
45659
520
56387
616
60335
680
63646
585
67378
647
67953
657
65650
656
58556
550
58600
95
10980
165
17974
259
23315
294
27490
327
44647
498
49627
566
45748
486
53842
580
62490
686
71449
680
67692
733
69910
668
62155
578
61783
578
59473
