7
480
7
765
10
1055
12
1338
15
1627
18
1937
20
3065
34
3619
37
4046
41
4417
41
4365
34
4252
42
4005
41
3310
28
3086
14
998
15
1816
20
2438
37
3231
33
3268
36
4126
41
5136
48
5870
77
6673
71
7563
70
8152
81
6600
57
6809
62
6808
74
6585
14
1906
36
2505
30
3545
38
5401
68
6442
61
6015
80
7052
75
7808
78
9314
91
9658
101
10829
102
11617
94
10333
95
10328
103
12161
31
1971
30
3104
41
4604
52
6757
88
8390
92
10548
111
9546
120
11011
119
12465
145
16486
167
14956
131
12896
124
13428
137
15282
144
15142
34
2894
56
5758
75
6617
66
7414
84
9475
117
10019
117
12208
138
15551
158
15260
147
17270
152
16952
216
16087
144
17812
171
16737
160
18645
29
3562
45
4878
61
6636
93
9053
102
13114
151
14860
167
14681
159
17619
172
20599
194
20906
185
23942
236
20094
177
20583
172
24535
263
19537
33
4401
54
5452
89
8333
111
11116
109
14320
151
13832
160
16802
184
18147
201
22766
239
25537
240
24676
260
22146
218
21653
220
27901
223
21800
38
4206
62
6704
83
8575
103
11774
126
13122
150
15596
168
17702
188
20035
208
22382
231
24629
231
24608
229
24211
222
22789
216
22704
215
22691
59
6615
101
7942
92
10621
119
14287
186
15780
187
21188
196
21897
260
23037
260
27944
303
27972
261
33800
283
29663
323
35513
305
29692
271
29573
58
5557
86
8604
104
13761
200
14132
162
17925
189
21296
222
25307
318
27089
286
33596
347
37496
357
36895
344
37407
364
37433
421
32658
295
31932
78
7791
109
9691
118
14516
186
15669
191
21655
272
24010
267
25804
298
28718
320
38451
327
40606
490
36268
382
37108
377
44022
438
40026
384
37804
59
6141
95
9515
123
15104
164
18315
205
21507
243
23757
268
27458
291
31582
316
35060
393
39298
367
36835
347
36978
348
37015
347
36903
347
36909
69
8093
110
11044
161
14696
176
19425
241
22744
278
32072
377
37374
372
36165
372
39753
411
49520
400
40957
408
41790
411
50866
459
45037
463
46881
69
6872
118
13496
178
16785
208
21289
239
27680
300
31223
363
33283
372
36784
413
48506
446
47432
516
54056
492
45532
447
50286
480
51202
412
45660
72
7607
140
14554
169
19877
215
23548
274
31229
317
37093
414
41979
387
42464
413
47891
457
49126
437
56060
484
50476
508
55315
454
46518
479
56539
84
9067
155
15740
236
20741
229
26182
263
27057
306
31991
336
42223
420
44725
527
48176
546
61456
525
55063
536
57336
476
59621
463
59896
529
52488
98
9555
140
14394
195
21279
276
29047
373
31121
378
35588
445
43303
518
55534
589
51200
701
60958
492
59065
506
55268
589
61375
561
58615
518
52554
86
10096
164
14973
231
21540
319
31717
362
33033
366
41281
447
49593
423
54605
599
57424
736
59365
551
65188
546
63194
543
60876
522
55758
520
55548
90
10151
162
15918
198
23179
271
30662
327
31630
408
40804
458
46178
515
58848
647
62907
561
64216
588
69062
637
69729
563
60877
551
58905
551
58694
96
10322
172
17097
253
25371
286
27462
385
35528
409
41397
548
57537
497
62640
562
63216
636
67941
769
70457
747
69497
628
62269
578
61763
577
61056
