7
490
7
770
10
1076
18
1376
15
1629
22
1968
20
3094
33
3595
37
4095
41
4373
41
4494
41
4472
41
4157
40
4335
41
3877
14
1242
22
1657
21
2553
25
3226
34
3606
42
5544
60
6459
66
7257
74
7963
83
8590
82
8586
85
7520
75
7586
81
8690
82
8880
14
2363
36
3425
44
4384
56
5498
67
5451
72
7565
90
9160
88
10728
112
12023
128
12798
125
11966
99
12425
134
12960
124
12342
124
12539
29
2786
44
4558
60
4862
69
5573
72
8535
76
7868
96
9662
107
13909
146
12825
115
13161
119
15956
151
13417
133
15625
167
13640
167
13306
34
2431
38
5719
75
8144
93
8558
95
9709
104
14464
150
14985
183
17264
189
19145
167
22076
203
21518
207
19397
194
21467
207
21576
222
19932
44
4429
68
6516
90
8693
113
11653
96
10936
117
12880
150
14420
155
19359
219
17798
172
20041
198
22463
259
22086
189
20647
257
20513
173
23974
51
3376
62
6675
103
7509
118
11578
149
13919
160
13826
145
17661
196
20375
228
21573
200
26626
271
22844
220
23992
238
23055
202
24635
214
25671
38
4025
68
6601
90
8694
102
10739
124
13072
145
15347
166
17598
188
19915
208
22252
231
24372
228
24372
229
24087
221
23631
221
23409
214
22566
60
6639
101
9837
117
11770
145
17545
206
19230
217
24847
272
25284
249
32070
339
32948
327
37298
372
37484
325
38291
299
33108
365
28811
279
29932
63
5928
82
9660
139
10583
137
13889
154
22704
217
26739
294
22463
263
25782
303
31471
310
33858
298
33252
306
33975
359
35109
341
32276
333
32082
72
8101
124
10261
139
17056
211
18518
228
25170
256
29835
334
33552
356
37058
365
41220
357
36624
349
44118
363
39911
348
40653
343
36942
425
42261
88
5813
100
9943
134
12681
154
17406
227
24410
275
26216
259
28386
300
31883
317
33331
345
36964
344
36779
344
36731
344
36193
344
35685
332
35700
92
9655
135
11002
139
19416
245
24154
295
28931
330
35050
387
40889
445
43769
378
38834
420
50560
397
46363
455
45287
572
54108
507
42667
469
41057
78
9624
155
15603
208
20629
263
26607
303
32965
368
36378
409
41290
448
43153
393
46871
528
46987
426
57931
442
56304
468
47650
429
49743
511
50045
94
10651
163
17801
226
20903
240
27989
314
34738
400
41311
452
39012
403
49503
503
49249
619
57832
452
62341
605
50752
623
55598
552
48321
468
52315
77
10460
144
18127
240
22675
302
29235
304
36559
405
42212
478
47612
484
46505
569
49242
513
63621
547
61013
610
60608
613
52003
460
54635
460
54074
99
11200
178
18374
239
26261
322
31171
387
36312
386
43110
506
41994
538
45250
466
57847
648
67701
635
61831
687
55185
489
58695
594
57730
520
53987
89
11887
152
19695
250
26943
326
34362
410
41926
472
38057
436
52292
528
49099
559
67070
731
70279
630
66390
652
59990
583
61034
556
56725
519
55199
106
11162
181
20314
282
27638
346
35794
397
43181
488
46185
443
53343
497
57015
672
70481
599
72349
596
68561
577
65188
630
63490
546
58227
548
58702
95
11635
162
20791
286
29909
366
37658
440
45517
479
51249
554
49175
541
66790
642
71013
587
72817
607
70037
648
65526
642
61298
577
61311
575
61174
