8
480
7
761
10
1061
12
1381
15
1637
21
1945
29
2344
31
3440
37
3852
41
4242
41
4282
42
4282
41
4233
42
4271
41
3479
9
1025
19
1538
22
2123
34
3213
31
3845
46
4041
41
4738
53
5873
62
6672
86
8640
83
8088
57
6310
65
6992
83
8239
83
6938
14
1451
22
2313
30
4462
45
5167
54
6894
78
6835
89
7021
84
8137
88
9755
111
9879
98
9419
104
11791
111
10003
103
11466
104
10234
19
1951
30
3794
43
5239
65
5932
64
8737
93
7782
95
10130
99
12763
154
12806
146
13593
131
16630
143
14247
115
13741
132
13869
133
14207
35
2446
42
5392
75
7451
91
7240
82
9152
106
9739
103
15380
182
14006
130
17755
157
15952
147
20207
207
17200
143
16379
174
16259
151
16942
32
3545
52
4961
61
6605
79
9316
137
10697
111
13224
125
15476
160
15427
155
20021
207
21475
228
19589
184
21191
243
18567
171
22562
202
19037
33
4576
62
6075
72
7405
104
10892
110
12025
141
16005
198
15718
205
23024
266
19675
201
22973
242
28007
265
22219
228
26655
242
21397
228
21618
37
4720
94
6383
84
9354
108
11705
140
14766
154
16062
166
17696
187
19924
209
22289
238
24542
229
24468
230
24479
228
24419
227
23717
223
22598
64
6152
101
7207
91
10480
153
14914
177
15270
182
23366
279
21022
226
30438
302
28371
291
30383
325
28849
292
29199
316
29337
270
29823
258
27814
55
5336
77
9744
120
11566
148
15449
184
19974
192
19344
235
22153
257
26134
258
28979
341
34927
320
36974
288
38660
356
34761
297
33406
358
30999
68
7784
91
8964
112
13132
151
18551
249
20549
278
22062
231
31554
326
33802
352
37864
364
43020
372
38881
381
35873
322
37654
412
43711
422
43093
57
6720
93
10871
129
14004
154
17109
188
20988
248
25571
249
27879
281
33971
311
35375
346
38674
362
36896
344
36839
344
36871
345
36655
344
35618
69
8812
147
10026
132
19300
219
17583
237
24379
281
32815
392
35413
332
35266
376
46189
425
42919
406
48433
466
42319
395
44087
397
50404
487
40641
73
8408
106
12471
157
16338
202
25465
248
29529
347
33112
315
34259
455
43950
432
44274
551
49530
433
50071
533
49467
444
56528
449
43266
453
56539
74
8092
114
16469
209
18103
252
21968
286
28061
355
38513
390
35959
375
45575
391
50910
502
47873
493
55179
578
57137
598
47255
430
60472
461
51897
97
8834
121
16887
224
22712
245
23228
255
27318
301
36724
339
45467
418
42026
460
49490
491
61161
538
51840
533
58313
508
60423
540
59993
510
53103
81
10247
149
17783
227
18616
219
25809
303
31776
346
38893
443
49948
511
48865
577
50118
552
61012
592
66281
551
62736
622
61277
578
54403
525
52264
105
10962
187
18657
192
19952
244
30022
317
39050
358
44334
422
51631
590
56859
487
55619
595
62443
546
66870
540
70921
660
62065
558
55863
520
55289
101
11333
166
18769
196
20668
258
26215
315
35437
363
40573
395
52778
497
54635
520
59561
710
73854
596
70271
692
69485
582
63223
624
58263
551
58210
108
10494
176
16469
226
23891
269
31203
418
41699
418
50070
483
53424
617
62312
521
67233
744
75003
712
78851
628
65513
617
61497
575
61415
576
61299
