8
477
7
764
10
1050
15
1331
15
1625
18
1936
25
2900
33
3564
38
4226
38
4342
41
4274
40
4314
42
4147
28
3605
29
3074
9
966
15
1535
27
2789
36
3320
33
3916
46
4344
50
4750
46
5936
69
6887
68
7797
70
7394
66
6894
74
6501
67
7435
76
6209
19
1630
22
2488
30
3340
38
4813
50
5858
54
6685
82
7260
76
9174
90
8943
98
9621
99
12751
108
10502
96
11268
124
9988
95
9408
19
2194
38
3224
40
5180
53
6513
88
7420
73
9485
90
9178
106
10870
122
12334
131
13058
136
14399
137
14772
122
13400
153
13452
143
13811
34
2446
38
5551
75
6246
84
6822
95
9703
97
10279
132
14319
180
13678
145
14057
144
16616
153
20790
164
16735
188
16959
144
16257
164
16713
29
3255
47
5715
68
7303
91
9812
98
12960
127
13836
160
14258
151
16181
161
19937
238
18699
172
19857
173
19136
188
22199
228
19840
187
22297
47
3577
59
5710
82
7812
89
10613
112
12259
141
17814
199
15749
163
17709
195
24809
273
23432
212
24960
218
24149
220
24154
219
23529
222
24737
58
4505
65
6624
85
9191
104
11018
126
13078
161
17070
177
18546
186
19976
208
22398
230
24516
229
24586
229
24241
221
23768
224
23804
222
22640
61
6674
101
7512
92
11588
154
14269
149
16230
206
22116
273
22149
211
27041
274
26329
277
35077
321
29539
304
29786
322
31033
307
32244
289
29724
59
5785
78
8391
112
11907
147
15370
196
16931
181
20515
255
24341
240
34230
367
30814
334
33828
308
35022
360
32261
299
31978
307
31445
329
32331
74
7863
127
8447
111
13947
170
17212
217
24262
237
24637
278
27786
341
28696
298
35968
351
37072
389
37926
372
38940
413
40061
345
36942
337
37697
57
5992
98
10995
132
14205
164
21979
196
23890
242
25579
268
28477
322
31866
344
35874
346
38723
382
37200
362
36738
344
36799
344
35793
333
35400
66
8904
131
10906
148
15088
167
22541
265
26920
271
27089
323
32625
377
38181
377
38164
435
43224
396
44250
415
44847
415
52771
427
41033
428
47174
72
7219
106
13614
177
15828
196
22387
243
26349
283
33247
353
38836
366
39849
431
44861
448
49606
449
48461
436
53820
550
45120
430
49714
423
49762
97
7247
113
13905
211
17262
228
22468
248
27929
281
32419
312
34858
397
39409
420
44582
444
49807
488
57267
627
48336
480
54818
639
51341
475
47922
79
7722
121
15710
195
19321
255
23023
274
27660
351
33679
339
39603
523
43850
551
51421
477
54774
517
61846
596
52045
559
53496
486
51920
501
55891
81
8675
144
14111
173
23356
298
27877
319
31154
308
41403
530
39770
458
44760
458
51471
496
63553
601
65428
582
60197
497
55737
503
58281
493
53050
86
10675
181
16661
265
20545
278
28036
334
33896
404
39539
492
43954
490
52472
541
54682
540
70065
540
63538
748
58897
533
59771
538
59622
554
55350
109
11122
162
17047
220
22966
318
28036
342
32308
393
43419
408
49989
468
51657
532
65780
695
73315
703
65643
602
62136
605
63062
546
58731
547
58263
94
11804
185
15620
237
22654
257
30257
364
39686
520
40659
451
45800
497
52715
585
56817
616
70554
579
66201
606
66155
609
65113
580
61460
576
61174
