8
479
7
764
10
1071
12
1334
15
1620
22
2065
28
2429
32
3336
34
3861
42
4001
41
4311
41
4202
41
4201
36
4317
41
3691
9
1083
15
1583
20
2302
25
2960
37
3902
36
4521
56
4568
66
5534
65
5741
60
7432
59
7530
71
8035
77
7956
63
6377
69
6290
14
1626
22
3285
48
3265
38
4201
48
6104
54
6819
62
8018
83
7822
94
9256
88
11153
110
11560
100
11660
129
10512
94
10626
97
10885
28
2637
47
3489
47
5549
76
6001
62
7334
87
8470
89
9732
94
11215
104
11240
114
15729
165
14187
140
13291
161
13987
140
13307
135
14479
34
2575
37
5571
75
7321
95
6836
77
9512
112
10986
110
13901
148
13572
155
14023
147
15445
170
18549
157
19106
143
16263
144
18355
147
18108
39
3331
59
5072
67
7225
77
9102
112
11274
154
12382
130
15166
141
18390
183
19617
202
20707
187
21376
227
21673
195
19049
190
19068
177
20329
37
3523
53
5930
89
8549
91
9661
108
12159
128
14932
162
18790
197
19304
193
22975
253
22652
212
22674
220
22667
266
22367
214
26464
251
21664
38
4965
61
6740
81
9079
104
11122
126
13997
145
15762
168
17686
201
19911
210
22220
229
24514
232
24471
229
24907
229
23619
222
23714
221
23268
60
6375
79
8012
110
11241
150
14195
161
16611
176
23900
236
24391
240
28900
252
26844
276
30616
283
32727
340
31687
330
34949
352
31909
292
34344
52
6405
93
8662
117
11651
162
14779
173
16895
180
20718
208
25495
307
26036
318
30567
331
32458
317
38144
322
39340
369
37883
409
32169
332
32760
79
7692
124
8647
135
12719
153
15005
174
21515
287
23517
278
30354
322
31021
291
34806
346
41315
419
38146
347
38239
414
38028
333
43806
405
36795
57
7574
102
11665
150
13619
161
16345
185
19757
226
23261
268
28328
289
31225
374
36880
394
36911
344
36835
345
36682
345
36728
348
35698
333
35564
62
9094
149
10695
139
16848
193
22527
260
26298
288
31359
294
33434
407
39888
400
41508
425
44024
411
43803
431
47658
398
47604
515
46657
516
42037
85
9409
154
12314
169
16098
233
23639
276
26353
276
29850
311
35253
427
39157
468
41081
439
51528
499
53273
545
47818
418
47290
559
52973
436
52629
73
8621
127
13303
181
18841
205
21609
249
28575
347
35014
352
42972
512
42525
495
49669
500
51684
575
48545
432
51546
485
48698
527
56700
435
49299
110
8296
130
16918
242
23698
294
27792
261
29732
386
36038
468
39949
440
42382
458
55792
536
62026
580
53302
488
55449
496
60849
617
53823
495
52731
81
8888
134
17166
196
20618
302
27061
292
30093
340
37907
401
42769
532
50292
519
56487
634
60197
570
57299
511
65491
639
63759
578
54164
516
52438
86
10321
188
13955
198
23453
332
28273
377
35616
350
42736
443
46783
470
49699
556
53477
529
64385
527
65628
561
65589
578
58255
590
58010
519
55343
90
11215
152
14685
193
20925
270
29361
335
34352
369
41462
421
45730
456
55460
497
60561
628
64824
615
66598
790
60016
602
60385
594
58966
615
58278
103
10795
165
20021
226
22708
281
29723
328
39853
437
42447
536
52902
474
61083
578
64338
590
71504
640
70867
624
64040
600
61682
579
61392
577
61084
