7
481
11
769
10
1043
12
1333
18
1621
18
2011
20
2707
23
3643
37
3900
41
4345
41
4225
41
4043
41
4001
34
4264
42
3085
10
979
22
1582
25
2218
25
3522
45
3365
47
4022
46
4493
60
5616
58
6838
62
6159
58
7525
59
7400
68
7847
81
6818
57
6875
14
1625
22
2962
31
3404
39
4449
63
5462
54
6490
67
7959
83
8078
87
8419
96
10063
108
12474
136
12347
123
12062
86
9391
86
10512
19
2189
37
3273
49
5587
64
5514
64
8041
88
8024
82
8968
119
11374
115
12408
133
15615
156
12778
130
12905
146
15326
158
13280
128
15725
34
2427
37
5472
75
7385
95
6999
78
8917
100
10391
105
11992
175
15830
182
15150
161
17145
152
18274
156
18826
155
16119
163
21117
194
19004
28
3104
56
5174
80
7393
112
8897
107
11715
121
15532
178
14763
151
19825
217
17561
224
20001
200
21061
202
20534
200
20892
190
19502
175
22180
51
4066
53
6949
98
7391
90
10208
124
12935
155
13823
175
15762
163
23212
228
20423
200
23548
228
22844
200
24502
244
23660
220
24033
222
22524
38
3986
60
6281
81
9144
106
10760
123
13452
161
15367
166
17765
188
19862
208
22291
229
24211
221
23774
222
23769
221
23705
221
23712
221
23720
58
6723
101
8135
110
9917
137
15348
169
15867
175
20049
230
20348
232
28278
273
30138
322
33146
333
33827
302
32167
267
29029
303
31978
299
29256
67
5348
77
7881
102
11607
137
13555
172
16391
182
19576
224
24086
285
28087
316
31462
321
33169
309
33977
341
33025
309
32642
320
31069
291
30763
74
7695
100
8686
114
16545
205
18338
200
21121
238
22343
234
27386
276
34156
332
36547
351
37612
327
40230
436
39687
389
39455
376
34521
381
36303
67
6782
91
10284
122
14755
189
18579
186
22249
248
23571
250
28166
351
30914
349
33382
348
37314
347
36838
359
35704
332
35493
337
35628
343
35250
62
7740
114
14200
194
16369
196
20763
274
23288
239
29407
347
32651
311
40676
392
40826
374
44868
501
46722
413
44064
440
51167
439
45968
498
44822
72
9773
127
15692
175
15766
195
21263
230
27884
265
34071
378
36155
328
40322
491
42240
402
50133
544
46232
426
52284
567
44437
427
49262
412
46281
71
7268
129
15549
164
18957
242
20688
232
25528
296
35179
359
41063
507
45638
542
45345
512
60185
505
50069
440
58854
572
51841
555
49684
512
49571
76
8402
121
15578
180
18710
226
22699
279
31382
334
32465
339
36131
455
47578
493
52167
552
51968
525
62782
579
55554
496
53023
474
54779
484
51739
90
8689
145
16198
233
20369
251
29972
356
30485
426
38624
426
47059
502
49017
604
49590
596
57852
528
64774
608
54145
542
56696
526
55691
492
55131
86
10704
157
17841
205
23332
328
29151
304
35429
377
43350
444
49835
474
50750
607
54816
619
63271
544
62396
545
61741
554
58999
526
57430
519
55563
90
11536
174
16738
252
23205
263
26474
363
32290
395
37801
456
44509
447
51892
496
57797
604
71552
613
63679
633
63496
611
61162
635
58425
547
58241
95
11086
206
16735
219
23101
258
29609
438
36112
492
46609
431
52666
522
65093
653
58795
815
64389
586
66548
575
64348
603
62709
640
61475
578
61269
