7
487
7
760
10
1050
12
1342
15
1626
18
2015
29
2684
34
3553
37
4068
41
4446
41
4348
42
4392
41
4073
34
3387
30
3247
9
972
15
1534
20
2336
36
2885
43
3489
45
4399
46
5196
51
5713
53
7800
82
7423
78
6777
60
8234
81
6728
65
7179
59
6923
14
1627
33
2432
30
3552
38
4630
46
6869
66
6206
62
7424
73
8611
99
8739
99
10469
91
11016
112
12463
116
11338
101
9307
99
10522
25
2007
30
3846
42
5000
51
7108
69
7772
91
8207
85
10949
105
11831
117
11346
114
17744
121
14225
147
14527
160
14555
166
12887
114
15321
33
2684
45
5660
71
6245
94
6718
77
9168
102
10516
109
12337
125
14025
154
15134
154
16667
181
21070
204
18199
184
15563
143
16809
186
20738
43
2892
57
6045
77
7588
76
9631
109
11508
152
11799
157
13484
140
20216
246
19471
195
23271
200
19155
184
21292
245
20567
233
18964
173
20523
41
4146
61
5544
77
8180
95
11066
112
13447
153
17171
192
16621
200
20453
214
25253
286
24848
247
23303
218
24155
208
25471
217
23501
211
24845
56
4383
69
6228
102
9742
125
11030
138
14569
150
16259
167
17694
187
20018
210
22208
229
24526
229
24633
229
24551
229
22719
214
22776
215
22726
64
6710
103
7191
105
10041
117
15915
159
16610
205
21153
243
22709
210
25335
251
27641
320
31919
307
32426
299
27805
298
31419
284
33599
315
32745
50
6220
95
10123
151
10756
129
13973
155
20095
186
21294
250
26245
316
27809
269
32326
314
39183
358
33278
315
33202
296
32368
352
32626
318
32777
73
7756
109
9366
125
15609
199
15900
169
23906
235
24873
252
32403
376
33430
297
38887
462
42750
462
45269
444
41818
401
39219
344
38156
349
34818
72
6425
103
12171
150
16579
214
21578
233
21996
228
25858
255
29124
290
33387
340
35521
345
38051
395
37853
346
36834
345
36807
345
36834
344
36616
88
6749
98
11919
146
14957
192
22887
259
22468
347
29081
367
36071
402
41207
528
44332
496
45965
459
49794
377
44847
392
49856
375
43168
418
50286
93
6914
107
14038
210
15729
200
20247
239
31264
290
31074
355
40028
355
43063
438
45567
518
52659
503
45474
454
53704
540
48404
476
53115
463
47182
78
7733
114
16331
221
17967
224
23479
242
25485
326
38527
346
46770
545
46733
443
48598
452
51609
583
54546
478
55489
492
52361
489
49565
437
49146
79
8364
144
13932
170
20221
271
21615
259
30150
293
39447
518
41391
482
46254
509
55510
555
55003
490
56573
472
50681
585
52079
502
55206
499
54223
95
9089
130
16688
192
24782
328
27596
336
32009
308
40067
367
43884
413
45005
509
51061
514
61385
596
61959
556
57014
506
55750
662
58235
598
53426
90
9465
156
15851
215
22926
265
30280
321
40373
448
47936
410
45504
455
46965
487
56001
572
68251
607
58334
562
59141
629
58877
527
59238
543
55294
111
10339
166
15550
214
23883
283
30835
313
41575
461
42154
406
45536
485
56504
694
56856
592
68575
599
67231
639
65382
623
63723
597
58406
548
58389
95
10823
166
16848
211
24936
294
32198
359
41052
398
42529
457
50950
473
60844
632
68921
643
65997
726
66307
628
68980
678
62359
577
61850
575
61279
