7
480
7
757
13
1066
12
1334
15
1627
18
1912
28
2564
23
3409
38
3997
41
4245
41
4404
41
4484
41
4522
41
3486
38
3073
14
966
15
1541
20
2117
25
3166
36
3394
37
4044
42
4437
46
6050
56
7972
82
8321
82
6677
58
6211
67
6375
57
6775
58
6639
18
1615
28
2838
38
3496
38
5042
61
5255
71
7474
65
6759
70
7580
78
9477
86
11820
106
11381
96
11108
86
10146
106
11702
122
9505
27
1968
30
3397
53
5393
74
6272
83
7167
72
7699
82
11834
135
11443
110
13543
155
15588
147
12464
123
15933
162
13843
135
13054
114
16848
36
2479
49
5735
76
5845
70
6813
89
9425
107
11601
133
13774
131
13132
130
15244
170
18449
166
18402
158
16806
143
19061
191
17182
164
19525
44
3495
48
4819
64
7898
108
9664
107
11193
123
12269
126
17211
156
15206
156
20521
190
21130
172
23167
191
20324
172
21779
222
19876
178
23365
40
3371
53
7366
114
7791
90
9867
110
11911
128
14681
173
15419
179
23031
207
20343
208
22262
259
23595
259
22332
253
24292
267
23092
232
24254
54
4758
61
6955
85
8575
105
11492
137
13566
145
15718
163
17675
187
19887
208
22356
230
24568
228
24547
229
23821
222
23706
222
22932
214
22605
59
6623
100
7203
92
9941
126
13868
161
16184
193
20667
238
20947
214
25326
277
27530
290
31559
307
30740
292
31327
324
31848
278
30772
259
29398
48
5452
97
10353
103
10701
137
13550
167
21267
217
24251
288
23511
279
26788
303
31051
294
35460
370
34837
346
33380
308
32441
298
31590
308
31009
79
7756
101
8970
131
13227
159
15564
182
20142
247
22581
243
26895
295
31166
286
33627
347
37495
404
41623
428
41600
383
40128
383
36576
402
36268
57
5858
103
9282
122
13105
187
18135
189
21271
217
27558
263
29292
300
33429
339
34940
376
39008
344
36859
357
36804
343
36776
344
35690
332
35546
75
9279
144
11270
133
14283
169
20903
226
26149
342
28296
296
29686
349
40740
378
40836
471
42476
412
46737
417
41247
372
53771
404
45003
494
43970
84
6950
106
15791
197
16181
191
24182
304
26127
266
33162
419
37139
372
44562
495
42529
530
50456
578
49324
446
56760
403
53060
443
45966
422
47648
84
7243
146
15354
190
17992
234
24974
288
25165
332
31134
325
40741
431
46080
494
44341
446
59318
557
58144
547
49473
567
50757
479
50340
522
50924
76
8052
123
12852
177
20189
227
24466
271
28057
369
36514
393
44681
520
44313
474
54954
537
60957
659
59348
596
51883
534
57506
542
54025
487
54124
81
8922
185
13856
196
23010
299
27631
354
32667
337
42071
441
40787
470
47466
531
60792
612
62516
719
61889
643
55784
548
56056
515
55022
527
52839
86
10253
161
15109
215
22747
274
29936
388
30296
355
42033
422
47527
422
55012
593
62157
719
69613
680
62086
594
57490
518
59621
611
58677
519
55285
93
11131
189
16566
223
21067
256
29466
310
34732
353
45979
541
44231
483
49485
534
61679
648
67684
630
64555
575
66105
664
60357
627
58942
547
58538
95
11615
165
16310
234
23160
347
28698
364
38523
403
42950
496
50383
646
62742
630
69680
575
69023
634
70770
742
65915
694
66611
625
61760
576
61219
