9
476
7
761
10
1050
12
1333
15
1625
18
2078
20
2848
34
3788
37
3978
41
4177
41
4435
41
4033
29
4079
41
3513
29
3857
9
972
15
1543
20
2504
38
3060
30
3258
36
4161
43
4450
46
7178
75
6922
83
6867
70
7634
81
6598
68
7026
57
6134
57
6557
14
1577
22
3173
35
3809
42
4914
52
5903
76
5758
61
7153
70
8696
83
9218
102
10026
107
12222
108
10383
97
11173
126
9491
101
9484
19
2289
30
3458
40
4208
56
7704
91
7151
87
7702
82
11943
97
10982
126
12578
117
14918
146
17285
172
12367
128
15964
146
12704
126
12684
33
2454
44
5664
75
7226
95
6854
77
8600
110
9592
117
12279
144
14803
146
14846
152
18896
149
19031
174
17424
170
17968
192
18530
226
17409
38
3205
47
5167
76
8448
115
8160
93
11429
120
11690
146
13620
161
17327
208
21919
223
20985
243
19294
196
23628
235
19891
172
24172
213
19284
33
4370
75
5896
71
9537
100
9639
108
14316
132
14493
189
17526
166
20109
213
21000
200
23720
215
24598
235
23155
220
25995
272
21947
205
23114
48
4095
61
6899
104
8479
103
11340
152
13555
166
16087
174
17704
198
19919
208
22280
231
24515
230
24478
229
24475
234
23758
222
23364
214
22608
56
6700
102
8410
105
11069
124
15537
208
16397
204
22877
218
25817
237
28550
300
27277
299
34176
291
29715
310
30251
273
36604
312
29538
290
29131
53
4947
76
9778
138
10795
141
15180
155
18895
209
22179
218
23620
267
30090
287
32281
374
31709
369
31502
322
32531
296
33572
291
31496
288
31201
60
7871
125
8698
114
17355
213
17701
170
23449
285
23013
290
28960
289
32598
345
32807
316
39718
367
46217
413
42643
368
40638
372
36794
343
35940
66
7417
102
10365
161
13397
164
18696
203
20280
228
23915
249
27362
304
32722
382
35778
369
39380
382
37113
355
36922
344
36905
344
36720
345
35625
80
8670
120
10532
149
15369
206
23238
286
22973
265
27977
361
39608
346
34326
360
49487
539
42549
381
46098
421
42610
385
45618
406
43919
502
44742
74
8192
106
15454
217
17696
180
19451
215
29944
308
32462
401
40179
472
44270
393
50337
549
44749
458
48753
402
47572
491
48290
428
44828
404
48333
94
8804
114
17039
230
18373
241
24915
314
28863
278
40313
456
38943
383
44901
475
52810
569
50948
530
50703
477
48106
492
53253
466
52204
463
49977
77
8434
138
16243
209
22850
259
28927
357
32733
330
42028
420
43103
551
46673
475
51500
508
54418
519
55514
470
58355
543
50782
558
54287
492
54867
81
9484
164
16660
208
22585
240
29681
272
30409
335
40819
363
51154
467
54840
530
57531
558
58544
532
59289
490
62836
635
55838
575
54488
490
52301
100
11052
150
16553
219
21787
274
28102
374
40856
402
41453
515
45421
626
48859
539
54404
571
63639
538
65127
596
62356
568
58059
590
56628
519
55291
101
10558
147
14986
210
25993
357
29270
307
32631
370
48609
453
52273
469
54380
530
61629
609
62103
661
60726
638
62987
629
61406
597
59032
547
58291
95
11304
174
15421
231
24576
330
29846
328
44769
481
49656
421
53536
516
54651
583
61223
697
70661
690
67022
646
65071
616
61728
579
61383
576
61171
