8
480
7
874
11
1201
14
1366
15
1626
18
2016
29
2440
31
3384
38
4034
44
4363
29
4263
41
4282
42
4088
40
3512
41
3075
9
967
19
1801
20
2118
27
2734
31
3302
46
4240
41
5763
67
6549
58
7217
78
6780
79
7297
82
6424
57
6961
69
7347
83
6853
14
1759
32
2405
39
3272
38
5532
50
6174
69
6308
62
7557
77
9548
97
8750
97
9260
86
12528
125
12903
127
10950
87
10181
86
9880
19
2423
37
3673
41
4929
65
6816
90
8366
77
7729
82
10759
121
11635
104
13506
146
14710
149
15117
157
12767
115
13229
119
13340
125
14394
35
2542
37
5480
75
5582
76
7075
79
8540
101
12302
148
13863
137
12848
145
16309
180
16515
199
16643
145
17598
175
17651
179
15378
142
18394
30
4408
68
4811
62
7038
97
8509
92
11808
143
12396
139
17766
196
18058
160
23214
267
19546
198
20561
186
21384
185
23406
180
18950
218
20764
49
3828
60
7131
97
7679
96
10299
113
12817
131
13752
164
17077
173
19345
191
20892
231
24127
220
23082
225
23567
227
26988
233
22891
229
22282
38
4431
80
6379
86
9299
121
11508
132
13514
163
15344
165
17721
187
20160
208
22279
229
24562
229
24575
230
24634
229
23839
222
23744
220
23736
58
6990
102
7033
91
9718
115
16471
203
16201
203
19045
205
22998
243
22462
234
32475
278
28827
317
35902
374
31641
324
32236
334
28749
285
32190
58
5234
77
9763
135
11676
154
14372
156
17346
185
19981
220
22731
268
27800
289
30383
304
35244
321
35328
328
32805
312
37089
307
33592
330
34435
73
7873
125
9688
122
12375
141
16854
202
20692
224
21312
228
25371
258
30835
321
37341
401
45058
405
35470
315
34785
315
37285
331
36779
380
37330
70
6143
102
9352
125
13867
173
17672
197
19916
217
23109
259
27425
284
30761
342
34239
361
36963
345
36958
345
36791
346
36829
344
35335
334
34987
71
9332
147
11998
148
15254
207
22100
264
21267
235
26589
288
38896
371
39335
433
39189
432
45513
410
44197
383
44346
422
48192
486
45104
469
43795
79
8084
108
13870
181
16090
184
23669
221
24265
279
36033
417
36359
384
37919
413
40308
415
52957
445
48349
495
47923
464
46271
504
50879
442
44716
88
8592
114
13153
161
16256
219
23542
241
26521
291
35558
370
41634
407
39632
496
49227
470
51380
499
57440
489
52520
488
48294
488
49428
434
49114
97
7903
129
13459
193
21279
285
28156
361
28831
308
38792
373
37900
432
42193
418
53507
527
55304
462
56709
505
55279
481
55662
630
51397
486
53113
85
9724
155
13914
183
22329
281
23880
388
30087
335
38597
393
40306
415
44240
574
48978
508
61074
646
58891
627
59532
638
57005
647
54477
565
52720
86
8741
157
16269
201
23307
264
25594
300
32049
440
39206
420
46816
423
53566
524
52733
546
60386
612
62285
553
59165
618
59729
624
55524
523
55250
90
9490
157
17260
225
26010
322
26969
358
38798
414
39408
492
45699
674
50174
592
63836
547
62691
602
65702
547
65636
634
63928
633
58306
550
58338
95
10789
151
17134
225
26335
282
30690
357
37768
364
41807
484
51861
571
55180
545
59080
678
65315
614
69634
653
65594
639
61611
576
61577
575
61366
