8
477
7
765
10
1045
12
1338
15
1623
18
1919
20
2471
25
2913
33
4024
42
4443
39
4383
41
4052
28
3995
41
3698
34
3173
9
963
14
1563
20
2202
37
2821
40
3291
36
4472
41
5106
56
5311
66
7114
88
8883
82
6591
67
6508
57
7417
66
6816
57
6534
14
1533
26
2506
34
3990
41
4583
64
6318
80
6569
62
8165
78
8270
83
8714
101
10740
110
11067
90
9345
86
10533
99
9246
86
9317
19
2936
45
3353
42
4894
51
7558
92
7006
79
9309
110
11260
137
10672
114
13059
122
13921
117
13005
135
17273
167
12574
115
14543
163
15738
35
3005
37
5387
70
5312
73
6901
77
10108
103
12210
136
11477
133
15043
132
14188
155
19750
154
19277
197
17853
144
15642
156
16050
166
18785
45
3401
48
5013
79
7765
94
10522
115
11519
124
13409
129
15084
158
15862
155
18143
186
24558
247
18985
181
22818
177
19662
209
21650
187
21995
46
3511
64
6753
109
7756
91
12042
140
14116
186
14253
161
20692
212
18511
192
20236
218
26859
261
21576
212
28999
255
22718
222
24266
213
24153
45
4318
72
7254
115
8783
102
12332
143
13928
152
15440
167
18154
187
20549
208
22420
229
24551
228
24510
229
24042
228
23685
221
23715
222
22869
64
6582
102
8522
128
10925
149
12623
190
15911
164
22225
249
21844
250
27824
314
31510
273
35339
266
32523
292
30886
267
28164
294
28581
276
28724
74
4824
86
9923
117
11818
162
14969
156
19633
193
19449
235
23679
272
25385
262
29945
301
36634
313
40364
339
33959
316
32725
297
31918
317
33463
64
7632
95
10268
138
14993
181
17187
232
19391
218
24557
272
25131
260
31757
378
34501
332
38709
364
37736
429
36628
361
37875
365
39469
409
39100
57
6322
91
10169
134
12698
201
16953
185
21149
235
26829
251
32367
360
36153
388
39394
447
37362
348
37572
345
37037
343
36840
346
35390
332
35489
65
9077
151
12000
133
14831
178
22100
266
24774
268
31169
355
31798
359
34840
417
47269
551
42787
422
52424
424
42197
481
41036
395
53287
481
46702
76
6883
122
15374
210
16608
245
20183
234
28504
263
37263
386
34975
399
42070
539
46147
478
57274
524
46110
405
49895
510
48456
429
56451
475
44484
72
7986
118
15753
227
20435
217
22926
287
30927
317
34848
359
45547
460
42537
545
46172
482
55660
535
52638
434
60433
442
57979
562
47822
457
55579
85
7825
156
16508
240
18819
268
23873
334
29571
364
34245
404
42817
410
48626
548
58916
641
55441
493
59876
508
63676
500
61416
566
57439
665
53949
81
10277
169
17047
248
22961
240
27154
373
33636
448
37284
468
49265
441
51132
563
54855
606
61913
594
67684
513
65537
591
60134
639
54254
533
53541
86
9126
137
14876
207
20612
277
25050
325
34417
371
46201
562
46905
497
55571
609
56846
698
68876
550
69715
559
67012
520
65780
518
57484
521
55843
99
11450
181
18823
199
23604
290
30642
297
36735
397
39510
406
46557
522
57940
500
63069
628
63789
671
76268
770
71867
728
68861
657
60544
568
58938
95
10506
155
16086
204
23376
262
33536
332
35021
411
50183
598
54710
592
58143
623
60478
669
79119
751
73053
580
71981
635
62665
574
61182
576
61303
